2.154183214461234570e+02
2.675787780208157756e+02
3.450806176315699645e+02
4.283857486318449901e+02
5.091207455488948312e+02
5.906617442755131151e+02
6.772505612243935502e+02
7.660124794129233123e+02
8.572545728367781521e+02
9.452404684026846553e+02
1.033340217586330027e+03
1.114526640208573326e+03
1.197770007222842196e+03
1.281411375721090963e+03
1.365078419855674383e+03
1.426191336585510271e+03
1.501488180208868698e+03
1.570559678205786213e+03
1.642425352597614619e+03
1.696605956626340230e+03
1.749970109509145459e+03
1.804906235365515613e+03
1.863286150910752440e+03
1.909280846724343519e+03
1.970878144423101503e+03
2.016375799926476020e+03
2.075975092000629047e+03
2.116467850850726791e+03
2.171564659619409667e+03
2.210493068575825419e+03
2.255264562200346973e+03
2.298457976317569319e+03
2.344119061355911072e+03
2.389915371716205755e+03
2.431951140663322803e+03
2.476480508365518290e+03
2.518496125875900361e+03
2.558989426087695392e+03
2.603164953892629910e+03
2.644265656065348594e+03
2.683188709378832300e+03
2.719986861207155016e+03
2.759203871191487906e+03
2.797107444281711196e+03
2.837581352151723877e+03
2.874672763652747108e+03
2.910396478009844941e+03
2.941965835024517219e+03
2.979197360797679266e+03
3.016780190486731499e+03
3.048208029207806248e+03
3.083929417797979113e+03
3.122554394124311784e+03
3.149474949704934716e+03
3.191965439250090640e+03
3.228248803849804517e+03
3.255115715449221625e+03
3.290198261456537239e+03
3.325157861175707239e+03
3.356601575852384485e+03
3.394281272377755613e+03
3.421029309274221305e+03
3.462279438797314924e+03
3.486426069256140181e+03
3.522943434942608746e+03
3.550021541476035964e+03
3.588432521455778442e+03
3.615138628956225148e+03
3.650619500730150776e+03
3.676401654974699341e+03
3.714496958294121214e+03
3.736678392217731471e+03
3.773846248234245195e+03
3.797638966577729661e+03
3.831962154994328557e+03
3.854348810153869636e+03
3.889989412326810452e+03
3.909608157592258522e+03
3.942204954119717968e+03
