2.458430317679719224e+02
3.103743362467085376e+02
4.036424335945633288e+02
5.010840697743676060e+02
5.957817826432369657e+02
6.915754293675130384e+02
7.938346974459770991e+02
8.972134260061870918e+02
1.000926102357516584e+03
1.105203513615193287e+03
1.209807909084297989e+03
1.303039543648430026e+03
1.401967132727638727e+03
1.501140557500867089e+03
1.598994185190381359e+03
1.689277448725587419e+03
1.766265660018463450e+03
1.849346353121447919e+03
1.926272726300298928e+03
1.996298431293930662e+03
2.057919610285976432e+03
2.118102583938416956e+03
2.185134260237710805e+03
2.251962684187495597e+03
2.304108360438749060e+03
2.375690777594288193e+03
2.426663782226055901e+03
2.496091017303871922e+03
2.539618458763449780e+03
2.591490235527154255e+03
2.653236346629575564e+03
2.702001071733101980e+03
2.749988345525929617e+03
2.802368863669491475e+03
2.853774391591959557e+03
2.902829701819043748e+03
2.956658604028725676e+03
3.003807552448319711e+03
3.051754303431701828e+03
3.097830500494486841e+03
3.147500508380241172e+03
3.192415144585873350e+03
3.238981713236100404e+03
3.284383788311825356e+03
3.328926113583132974e+03
3.372660711988051844e+03
3.409088124984052229e+03
3.448119540207893806e+03
3.493748691812231300e+03
3.526265750310918520e+03
3.576536742074202266e+03
3.615954053461223793e+03
3.652201272796535250e+03
3.693923297642549187e+03
3.732172047645522980e+03
3.774424795028390690e+03
3.805430332138224458e+03
3.851107144227368735e+03
3.885219418292333557e+03
3.925019270430174856e+03
3.961739542835854991e+03
4.003651795522678185e+03
4.033552929681752175e+03
4.081059000149235544e+03
4.108736719621009797e+03
4.150005324539120011e+03
4.179143151299544115e+03
4.219754048581316965e+03
4.248208197582713183e+03
4.289134367076484523e+03
4.316531456292203075e+03
4.363402878850733032e+03
4.393149943524329501e+03
4.433030690209022396e+03
4.452416593104673666e+03
4.499230161314122597e+03
4.530084117942447847e+03
4.566964874932280509e+03
4.588314416367137710e+03
