2.154435346711939303e+02
2.824060187181551669e+02
3.821405101054137958e+02
4.935644463191125055e+02
6.061968419793918201e+02
7.228040992690116582e+02
8.460952576181294944e+02
9.759663312465538638e+02
1.105438830785495156e+03
1.236457600904676383e+03
1.370112158502200828e+03
1.500170542830152044e+03
1.622650037489521310e+03
1.748201217314613132e+03
1.876369025781590153e+03
2.004491431093307483e+03
2.124142680823929823e+03
2.245034253123817507e+03
2.327226410084978852e+03
2.447624497772123505e+03
2.556507179148101841e+03
2.658847258945410431e+03
2.760154296874543888e+03
2.836326519119581462e+03
2.923377455561383613e+03
3.015535347353172710e+03
3.104419470685811575e+03
3.175451990148637833e+03
3.270223754207898764e+03
3.343996735142596663e+03
3.420821387002579741e+03
3.498125528345068233e+03
3.564363672521361423e+03
3.660923155128187318e+03
3.721534092279356628e+03
3.816531508993978605e+03
3.876611352170567443e+03
3.940259147065682555e+03
4.007926688594029201e+03
4.074833296843871722e+03
4.140912698575056311e+03
4.205003312104066026e+03
4.274611445629421723e+03
4.340242146448249514e+03
4.404444364910368677e+03
4.465400577698890629e+03
4.528185527865520271e+03
4.588217046467619184e+03
4.648417705494789516e+03
4.706604712992826535e+03
4.770911533030509418e+03
4.830789317223005128e+03
4.890917746552399876e+03
4.951055749699697117e+03
4.996303435494745827e+03
5.053865203166516039e+03
5.109732709797468488e+03
5.168722452733496539e+03
5.214626645261882004e+03
5.277648747321401061e+03
5.337664739087326780e+03
5.366387133053463003e+03
5.426521390185816017e+03
5.474937298912055667e+03
5.531897984958298366e+03
5.589988658829513042e+03
5.633485813816432710e+03
5.684900579712758372e+03
5.725017545370601511e+03
5.788671775106454334e+03
5.819228842822244587e+03
5.876664570829478180e+03
5.921155943251983444e+03
5.980230486392490093e+03
6.021620686587464661e+03
6.068410282149311570e+03
6.106435987116832621e+03
6.167088080872703358e+03
6.196551967553614304e+03
