2.154132000647184100e+02
2.647916857329065010e+02
3.364212951559534872e+02
4.099970869154854540e+02
4.804020064047989536e+02
5.502443139030955308e+02
6.227927114887077096e+02
6.963557458232720592e+02
7.685241570531587740e+02
8.387428028908302622e+02
9.040093734967308592e+02
9.713704878347964495e+02
1.039293136362612131e+03
1.101259662105343068e+03
1.146317208493681619e+03
1.208900425656504922e+03
1.252179961338615840e+03
1.289685268682405876e+03
1.334879766058254745e+03
1.384389211695087397e+03
1.421124705127256902e+03
1.455726999419645836e+03
1.499937554606021422e+03
1.533153704951530244e+03
1.566335902544026339e+03
1.601428640408737238e+03
1.635822202700599973e+03
1.669774179480601560e+03
1.702811225918734635e+03
1.735560000378665791e+03
1.768831746887287409e+03
1.799351935151774114e+03
1.832940028140930735e+03
1.860354783520855335e+03
1.892639823249595793e+03
1.920482812919687831e+03
1.952920764099880216e+03
1.978684604991325159e+03
2.001176553715577938e+03
2.034170308403899980e+03
2.056600392680873938e+03
2.078982018338614580e+03
2.107915147576904928e+03
2.131838527867868379e+03
2.161127390343022853e+03
2.188232541721432426e+03
2.217098266453951965e+03
2.240644682423446739e+03
2.271116152634872378e+03
2.296342456643699734e+03
2.324549353283637174e+03
2.349007841566740353e+03
2.376365587093805516e+03
2.400580030874808017e+03
2.421783933230232833e+03
2.453405293284290110e+03
2.474425408886645073e+03
2.498541963490585204e+03
2.525214306492289325e+03
2.546796893370847556e+03
2.571016659302442349e+03
2.598519478148381950e+03
2.615848315215167531e+03
2.641385923886236014e+03
2.668179865769867774e+03
2.686659001290693141e+03
2.706681898998654560e+03
2.726703026179124208e+03
2.747904622589360770e+03
2.776908885607039338e+03
2.796761795163955867e+03
2.816162384092373486e+03
2.842088960341907296e+03
2.862104928541690242e+03
2.881360866802203418e+03
2.900447861684595409e+03
2.921399141823724221e+03
2.941904036288772659e+03
2.960998861023057088e+03
