2.154274647344805942e+02
2.732139202115340595e+02
3.606607078458772548e+02
4.573644796575278519e+02
5.537021461914197289e+02
6.522832909371093137e+02
7.565112709216529083e+02
8.653415983615905134e+02
9.744854420736833163e+02
1.081231884066882913e+03
1.188493857065962402e+03
1.292848068499459259e+03
1.394889283973290731e+03
1.499451210732308027e+03
1.603743665905047692e+03
1.702922447248366552e+03
1.801709270824986788e+03
1.885244488518107573e+03
1.976232806131376037e+03
2.060228189005403237e+03
2.140814392169116218e+03
2.218168140721016698e+03
2.271720067733107953e+03
2.349383108849937798e+03
2.423854031722750733e+03
2.485734306130501409e+03
2.562891776352378201e+03
2.619211676031744446e+03
2.696530572061177736e+03
2.748834442546312403e+03
2.816650893757701851e+03
2.872764174834611367e+03
2.928590702802963278e+03
2.987797486278036104e+03
3.045807979337882443e+03
3.101585124278948570e+03
3.160121794956682606e+03
3.216065404610382757e+03
3.268052693535909839e+03
3.319687707831272746e+03
3.373664088934667689e+03
3.424578636307781380e+03
3.477681079814517943e+03
3.528950575455872240e+03
3.578079378352434105e+03
3.625545385389812509e+03
3.676251949986595719e+03
3.725183377147465308e+03
3.765199490609465101e+03
3.811153704427949833e+03
3.862205378924438719e+03
3.896727634181330359e+03
3.950210861599505733e+03
3.990885008324694354e+03
4.029944861507136466e+03
4.074969956283294323e+03
4.125545335126873397e+03
4.156824171856160319e+03
4.212328983281386172e+03
4.255011393259163924e+03
4.286524501986617906e+03
4.339291053451554035e+03
4.372282962785257041e+03
4.417937735184398662e+03
4.452688364272239596e+03
4.499292584990062096e+03
4.531710921719741236e+03
4.581340442585069468e+03
4.613499742437943496e+03
4.663074491792407571e+03
4.693742172515345374e+03
4.743078150686131266e+03
4.772188260683415137e+03
4.818159494047079534e+03
4.846883117556070829e+03
4.893051567730241004e+03
4.920900206676261405e+03
4.963378432435823925e+03
4.992406116238133109e+03
