2.946061146322996365e+02
3.748955924883039188e+02
4.889310669459918586e+02
6.068135885922011994e+02
7.203038797914264251e+02
8.345023985854834336e+02
9.545908601703563363e+02
1.081332701962826150e+03
1.204083662873858202e+03
1.322783003911151127e+03
1.452190568591616739e+03
1.563012648169321437e+03
1.679573897715284147e+03
1.798233016883161326e+03
1.909103436540794064e+03
2.018103155407784470e+03
2.095420069421199059e+03
2.203419793811237923e+03
2.298264365081671713e+03
2.389044534148393268e+03
2.455417815520706426e+03
2.559185584178996123e+03
2.611493966714820090e+03
2.711162670238106330e+03
2.763404051459390303e+03
2.838354174834201785e+03
2.914804340624208635e+03
2.970415983905916619e+03
3.034380593746763680e+03
3.087639379677475972e+03
3.170080049771281665e+03
3.221853207788536565e+03
3.280091747476194541e+03
3.338974587228346991e+03
3.400594753774412311e+03
3.476576799402829693e+03
3.523760391879453437e+03
3.580564129187885101e+03
3.633743319180153776e+03
3.690134111791521264e+03
3.746344138578127513e+03
3.802209074671176495e+03
3.855605030966701179e+03
3.911735901299628040e+03
3.961570574653445419e+03
4.015661756263124062e+03
4.069139994321374161e+03
4.104492772480241001e+03
4.158824298213327893e+03
4.209888626281349389e+03
4.251616735883982983e+03
4.304887483842222537e+03
4.350572465382089831e+03
4.389267600303316613e+03
4.443460160049854494e+03
4.475363423897101711e+03
4.533728737985380576e+03
4.576466976764744686e+03
4.618616490318468095e+03
4.663649595593647064e+03
4.704125568754059714e+03
4.752492395798767575e+03
4.791804241952797383e+03
4.848633631575498839e+03
4.873500368343098671e+03
4.925896452207543916e+03
4.957967383657350183e+03
5.012948430820068097e+03
5.041498267773946282e+03
5.093473784030647039e+03
5.124173854181799470e+03
5.177783010407572874e+03
5.204758078544870841e+03
5.257475704956496884e+03
5.294414379461265526e+03
5.338197724219410702e+03
5.373311827055083995e+03
5.413461902021869719e+03
5.450907412028447652e+03
