3.321239650397757259e+02
4.234545805129746441e+02
5.518847633068913865e+02
6.831923890751590989e+02
8.089426016235133829e+02
9.355240907351030728e+02
1.068521459549480142e+03
1.208558343754212501e+03
1.344890101373952575e+03
1.477371932622602571e+03
1.621325654898126004e+03
1.745736276831815530e+03
1.873790825827145682e+03
2.005270907925996198e+03
2.135636627744595444e+03
2.253423499223029012e+03
2.346106674096198731e+03
2.464835290612408699e+03
2.564821319150136787e+03
2.651490839248243446e+03
2.755935988118928435e+03
2.819314007582686372e+03
2.913765509534317971e+03
2.999614508355701673e+03
3.080570278006968238e+03
3.145937112967674693e+03
3.230853525529188573e+03
3.297638641852166074e+03
3.386728090775131932e+03
3.451853930371253682e+03
3.519271976130673465e+03
3.595078223771071862e+03
3.655928431934643413e+03
3.747145543692632145e+03
3.804300823223013140e+03
3.863691668532950644e+03
3.921091558559634450e+03
3.987282384267818088e+03
4.050320250989248962e+03
4.114269233926340348e+03
4.174617015670246474e+03
4.237830560805405185e+03
4.300770064240710781e+03
4.357516620119168692e+03
4.415577777857152796e+03
4.477014456014638199e+03
4.535463908705238282e+03
4.590063295627580374e+03
4.637453741267348960e+03
4.695708056559624310e+03
4.752900474586131168e+03
4.795057232121446759e+03
4.853173268142261804e+03
4.908668957908652374e+03
4.952808784690664652e+03
5.013694715449519208e+03
5.048474492882305640e+03
5.107996745449809168e+03
5.165932622610734143e+03
5.208697899660942312e+03
5.254745620553987465e+03
5.297593500012262666e+03
5.355240350680152915e+03
5.388420556816230601e+03
5.446502706329401917e+03
5.484769629179994809e+03
5.540776108643205589e+03
5.579868202807580019e+03
5.632671685818174410e+03
5.668977461141594176e+03
5.725324812797457525e+03
5.767549389091861485e+03
5.812622731535069761e+03
5.850378332164346830e+03
5.896059776002080071e+03
5.939358505712194528e+03
5.997345046057946092e+03
6.022398655045142732e+03
6.080279608178883791e+03
