3.144214877836142819e+02
4.006530401476585439e+02
5.224538188089497908e+02
6.473535358397622304e+02
7.672649842496841757e+02
8.875412607860048411e+02
1.014158056521512208e+03
1.147975744115605494e+03
1.278327119564218037e+03
1.404911314791801487e+03
1.542331987694472218e+03
1.661413521215970832e+03
1.783824711760101764e+03
1.907699840606113412e+03
2.031819568144631148e+03
2.144501911727611514e+03
2.222852042952582451e+03
2.336614790449316843e+03
2.438027275793549052e+03
2.521978905543271139e+03
2.603785796291250335e+03
2.709400500702566660e+03
2.768658543415574513e+03
2.853293702748223950e+03
2.922169111573172813e+03
3.011106941483693390e+03
3.077413632597037576e+03
3.146076243920875186e+03
3.228720299485144551e+03
3.285862613453783979e+03
3.350498634668476370e+03
3.427364742189474782e+03
3.489226727276686233e+03
3.550043492929429249e+03
3.611236306084260377e+03
3.675625252267953783e+03
3.730458092781448613e+03
3.795547470679124217e+03
3.853844344988798184e+03
3.918543864141865015e+03
3.975869621818942960e+03
4.030226587125888727e+03
4.089977305895255995e+03
4.148836975966152750e+03
4.203977070652036673e+03
4.261620659387635897e+03
4.314930609256437492e+03
4.355225314794329279e+03
4.412882463489735528e+03
4.468264932936106561e+03
4.524321337395524097e+03
4.566854995061606132e+03
4.614673199662674051e+03
4.655382046763006656e+03
4.711978271323338959e+03
4.768565919682322601e+03
4.800629623849314157e+03
4.857836298655993232e+03
4.894424014871619875e+03
4.952874852178687433e+03
4.989630786831228761e+03
5.046007487842904084e+03
5.082324451081290135e+03
5.138171129207161357e+03
5.170100431243765343e+03
5.223973926981348086e+03
5.262811008655801743e+03
5.320236196888650738e+03
5.349659217415127387e+03
5.406855667682373678e+03
5.443842123743004777e+03
5.485129465736274142e+03
5.526504047184384035e+03
5.584141008753224924e+03
5.611125943698923038e+03
5.667170862321308960e+03
5.697865326197216746e+03
5.742957244557297599e+03
5.780125650681118714e+03
