4.055209570318402257e+04
4.412304795747621392e+04
4.671634604068077169e+04
4.879707243247618317e+04
5.055228901515817415e+04
5.218451686386081565e+04
5.363106524209307099e+04
5.487885853499045334e+04
5.593977767194078478e+04
5.684085307498337352e+04
5.760741199162878183e+04
5.827594945771560015e+04
5.890943630709101853e+04
5.949927447971709626e+04
6.004391478719997394e+04
6.059308027393032535e+04
6.113358342853093927e+04
6.163610821830861823e+04
6.208837145380100992e+04
6.249169955728428613e+04
6.284609002333678654e+04
6.315894100570758746e+04
6.343686863690345490e+04
6.368194122747371148e+04
6.389965821722333931e+04
6.410014952189459291e+04
6.428684156935766805e+04
6.445480046839436545e+04
6.460694338553484704e+04
6.474568288663191925e+04
6.487296736633572436e+04
6.498851937727174663e+04
6.510015847573165956e+04
6.520442656628755503e+04
6.529835041167261079e+04
6.539064084120286861e+04
6.546551851893476851e+04
6.554213975248590577e+04
6.561758376686697011e+04
6.569009704717450950e+04
6.575761166261517792e+04
6.580805036629934330e+04
6.586247983348001435e+04
6.592145561612299934e+04
6.597644624233173090e+04
6.602793764417190687e+04
6.607410385257801681e+04
6.611744779894636304e+04
6.616135818211377773e+04
6.619863506580411922e+04
6.623231143260080717e+04
6.626690258709524642e+04
6.630055042552734085e+04
6.633386006336119317e+04
6.637243231244309573e+04
6.641980367079873395e+04
6.647017025610516430e+04
6.653271476816880750e+04
6.658744760813091125e+04
6.663279992326433421e+04
6.668587896725301107e+04
6.672734726544725709e+04
6.676891257657061215e+04
6.680396499630859762e+04
6.683398857051819505e+04
6.685576047236025624e+04
6.688395723811154312e+04
6.690844125894176250e+04
6.692862973714538384e+04
6.695891609660533140e+04
6.698044407091976609e+04
6.699260526074156223e+04
6.701710325140357600e+04
6.703327784505323507e+04
6.705358453011755773e+04
6.706995673330119462e+04
6.709612850021997292e+04
6.711134471399469476e+04
6.712937230997938605e+04
