2.796103905630978988e+04
4.170249173674639314e+04
4.596333180262598034e+04
4.873819007557271107e+04
5.111060794160728983e+04
5.318000344841432525e+04
5.497314685252458003e+04
5.652937699509587401e+04
5.795292333858118218e+04
5.923071373175020562e+04
6.035581288175481313e+04
6.138968494992487103e+04
6.231917896734892565e+04
6.313941028843017557e+04
6.384805514775896881e+04
6.447973424039149540e+04
6.502978343763329758e+04
6.550975872970549972e+04
6.593882646103165462e+04
6.632025540795599227e+04
6.666113560799654806e+04
6.697154312792042037e+04
6.725744030777910666e+04
6.753498101123969536e+04
6.780079911966524378e+04
6.804882852415027446e+04
6.828951296579098562e+04
6.850439989922230598e+04
6.870717364261127659e+04
6.888690727913141018e+04
6.905727784042429994e+04
6.920668879224738339e+04
6.935354973828631046e+04
6.949286948747219867e+04
6.962434065840806579e+04
6.975221255725326773e+04
6.987635717261463287e+04
6.999444685761617438e+04
7.010534387113706907e+04
7.020893251185378176e+04
7.030370670441791299e+04
7.039824345762304438e+04
7.048843083878554171e+04
7.057368438006607175e+04
7.065948669952269120e+04
7.075202779921966430e+04
7.086929268449464871e+04
7.097258200662405579e+04
7.106358223228712450e+04
7.116732225133517932e+04
7.125531037749821553e+04
7.134747075032607245e+04
7.141992150273836160e+04
7.150049897079533548e+04
7.156383375594446261e+04
7.163312600213204860e+04
7.168238885944947833e+04
7.174399934126027802e+04
7.178884594410599675e+04
7.184242465700002504e+04
7.187848032436257927e+04
7.192612400405389781e+04
7.195642019653020543e+04
7.200306371743865020e+04
7.205318395527140819e+04
7.207987654738634592e+04
7.211945108816014545e+04
7.216071411402888771e+04
7.220239996646187501e+04
7.224012946041749092e+04
7.227490579670602165e+04
7.231035648736971780e+04
7.233985156633635052e+04
7.236992707832589804e+04
7.238056477125280071e+04
7.240579613522108411e+04
7.243529730959938024e+04
7.245997666078599286e+04
7.248642961925068812e+04
