8.968216208916919641e+03
1.849046263402414297e+03
8.464973584909840838e+02
4.906006269980780985e+02
3.543015833507501497e+02
2.936582095978303073e+02
2.401560044440700494e+02
2.007425560024798585e+02
1.807547015591318029e+02
1.700035106469956077e+02
1.648909558004480402e+02
1.631038458228288732e+02
1.625485740580683114e+02
1.623592761230738972e+02
1.622762147615970321e+02
1.622270481848501618e+02
1.621920056030547528e+02
1.621647609713473344e+02
1.621422488026006761e+02
1.621226952113034088e+02
1.621050807567935692e+02
1.620888287940493626e+02
1.620735353144365547e+02
1.620588269880492192e+02
1.620448538785943242e+02
1.620316554703739769e+02
1.620192352867197201e+02
1.620073724955271075e+02
1.619962165140986485e+02
1.619857982962156484e+02
1.619762381867796535e+02
1.619676492404637145e+02
1.619600850498954969e+02
1.619534728816372819e+02
1.619478425780143311e+02
1.619428845953472660e+02
1.619386248818617275e+02
1.619349901429656313e+02
1.619319669484115138e+02
1.619294512704634599e+02
1.619273371892964235e+02
1.619255267370444358e+02
1.619240694601060682e+02
1.619228584164272320e+02
1.619218873143055930e+02
1.619209931184259972e+02
1.619202413149717472e+02
1.619196728414529503e+02
1.619192557602730744e+02
1.619188881358298033e+02
1.619185457574793077e+02
1.619182619184112468e+02
1.619180600551983105e+02
1.619177997626788112e+02
1.619176005700466590e+02
1.619174607494197460e+02
1.619172157366855345e+02
1.619170657051979560e+02
1.619170109347671200e+02
1.619170445998953483e+02
1.619171764425931883e+02
1.619172136133344111e+02
1.619172721079506232e+02
1.619172639805024119e+02
1.619171780812605448e+02
1.619170950089135204e+02
1.619170444108797540e+02
1.619169460753919623e+02
1.619168596479006510e+02
1.619167871815728859e+02
1.619167624634345373e+02
1.619167005243379265e+02
1.619167437921578312e+02
1.619167740001019524e+02
1.619168075443048167e+02
1.619167736769221904e+02
1.619167616224991377e+02
1.619167418456066230e+02
1.619167037266442719e+02
