2.085641755744083639e+04
2.230259072122567886e+04
2.382638938074510952e+04
2.516360891390922916e+04
2.651322321206951892e+04
2.772307916264628147e+04
2.877053680182101743e+04
2.974811739822455274e+04
3.065755908348482626e+04
3.147668143716015402e+04
3.216957469348416635e+04
3.283346759138883499e+04
3.344666506305676012e+04
3.397521820701844263e+04
3.441608111183037545e+04
3.481830851374181657e+04
3.518068343493968132e+04
3.549042893109297438e+04
3.575342419779606280e+04
3.597779148425794847e+04
3.617556455658590130e+04
3.634991964649825968e+04
3.650416446713206824e+04
3.663655828588052100e+04
3.675158266567619285e+04
3.685481916261269362e+04
3.694600444759079255e+04
3.702594138115639362e+04
3.709873094181666238e+04
3.716408166013837035e+04
3.722418987738806027e+04
3.730955833379983233e+04
3.743273582585575059e+04
3.755764572177320952e+04
3.766759520940380025e+04
3.775959400022299815e+04
3.783648406928030454e+04
3.790322862816011184e+04
3.796021883413372416e+04
3.801069106517553155e+04
3.805705414479506726e+04
3.809871603845745267e+04
3.813787014884222299e+04
3.817297029675494559e+04
3.820471934140931262e+04
3.823247981931485265e+04
3.825781447015524463e+04
3.828282586291711777e+04
3.830642936928068229e+04
3.832542685444023664e+04
3.834229474153487536e+04
3.835800825392388651e+04
3.837314897158616805e+04
3.838665125438238465e+04
3.839900476168074238e+04
3.840980405424468336e+04
3.841969804901103635e+04
3.842784144864260452e+04
3.843498856515787338e+04
3.844141528184610070e+04
3.844681240123734460e+04
3.845187828566438111e+04
3.845674938462205319e+04
3.846061235706167645e+04
3.846442381016718718e+04
3.846713226741628023e+04
3.847073958982196928e+04
3.847361828575498657e+04
3.847570741635173181e+04
3.847701595113761869e+04
3.847879974825126556e+04
3.848273605980702268e+04
3.848981492361213895e+04
3.849460630960814160e+04
3.849902252804930322e+04
3.850324296708530164e+04
3.850825607447858056e+04
3.851222631932343938e+04
3.851729370571029722e+04
