3.556569774676541419e+04
3.930364457491220674e+04
4.202450675881462666e+04
4.421933825407193217e+04
4.603917234946887766e+04
4.757157177711527038e+04
4.886399539306761289e+04
5.009901807022074354e+04
5.120282416836824268e+04
5.216384210089978296e+04
5.301973104764200252e+04
5.376552649017411022e+04
5.441358585129742278e+04
5.497532774574036011e+04
5.545391692748724745e+04
5.587268734995428531e+04
5.623809782197003369e+04
5.655909070352884737e+04
5.684822488726668962e+04
5.710275582894537365e+04
5.733129397493731813e+04
5.753678410089230601e+04
5.772411376281241246e+04
5.789676873159133538e+04
5.805763254331531789e+04
5.820133789872853231e+04
5.835584570990448265e+04
5.851958150970177667e+04
5.867753075507293397e+04
5.882084544501560595e+04
5.897420099185229628e+04
5.915500409369025874e+04
5.938320671583279909e+04
5.963792867179487075e+04
5.989402748718336079e+04
6.013684865959686431e+04
6.035672594490183110e+04
6.055299718105744250e+04
6.073173904147703433e+04
6.089497901344709680e+04
6.103919611906645150e+04
6.116611121556345461e+04
6.128023283737673046e+04
6.138232387593376916e+04
6.147249978145754721e+04
6.155356464510130172e+04
6.162821072158715106e+04
6.169402621203853050e+04
6.175349943955908384e+04
6.181234071651561680e+04
6.186991387114297686e+04
6.191968253843433922e+04
6.196367959832452470e+04
6.200493410818004486e+04
6.204566145607188810e+04
6.208036423940193345e+04
6.211386671555352223e+04
6.214752120634597668e+04
6.217996682648771093e+04
6.220944775078332168e+04
6.223686824628043541e+04
6.226864277751779446e+04
6.229967634370662563e+04
6.232602733503233321e+04
6.235361740096723224e+04
6.238098820825056464e+04
6.239987994615979551e+04
6.242054569708185591e+04
6.244052296149679751e+04
6.245993586867634440e+04
6.247709281853365246e+04
6.248827543497631268e+04
6.250327077846710017e+04
6.251918347984604770e+04
6.253469021094136406e+04
6.255087618961260159e+04
6.256413030875330878e+04
6.257567659840326814e+04
6.258725202803999127e+04
