1.215752691251900978e+04
2.476528671026477969e+04
2.931471234764212568e+04
3.234721175477458019e+04
3.467384093925569323e+04
3.657710326603838621e+04
3.817716629518326226e+04
3.953293981607284513e+04
4.077406961463577318e+04
4.187579825472748780e+04
4.282086223578438512e+04
4.369987649573498493e+04
4.445802532328604138e+04
4.509777362476511917e+04
4.574295048928586039e+04
4.635925772574753501e+04
4.691525368176568736e+04
4.740347409709093336e+04
4.782608518618316884e+04
4.819313793527278904e+04
4.854467797655568575e+04
4.885164357379739522e+04
4.912161618678141531e+04
4.935883217249644804e+04
4.956521644019349333e+04
4.975175016599477385e+04
4.991850775412983785e+04
5.006229855567957566e+04
5.019534930849664670e+04
5.032007631501373544e+04
5.043095599108775059e+04
5.053435941158996866e+04
5.063421924525891518e+04
5.072885072541527188e+04
5.081817030088505999e+04
5.090241628766281065e+04
5.097471854167491256e+04
5.104199616572016384e+04
5.110301565046008909e+04
5.116448059357985039e+04
5.122104626266034029e+04
5.127784851329942467e+04
5.134658235074071126e+04
5.142234842543980631e+04
5.150745229958039272e+04
5.159386104115661874e+04
5.167865078727371292e+04
5.175811851061184279e+04
5.183076628293497197e+04
5.189563936878846289e+04
5.195628797484911047e+04
5.201078754686126922e+04
5.206133659722103766e+04
5.210658940029558289e+04
5.214831781791817775e+04
5.218813421654019476e+04
5.222210082459382829e+04
5.225088906859276176e+04
5.227835797052752605e+04
5.230573353134160425e+04
5.232555529268478858e+04
5.234051361643253040e+04
5.235752522915583540e+04
5.237782139422610635e+04
5.239831941947954328e+04
5.241575286114911432e+04
5.242881170179248147e+04
5.244473063428344904e+04
5.245997019676746277e+04
5.247498405158203968e+04
5.248700431668292731e+04
5.250170477881973784e+04
5.251681637209067412e+04
5.252980336100139539e+04
5.254093697138760763e+04
5.255200937046996842e+04
5.256207835834884463e+04
5.257221767041951534e+04
5.257781924834869278e+04
