4.459218997196690179e+04
4.766224413583254500e+04
4.997817350185658870e+04
5.199828552473259333e+04
5.377964322150051885e+04
5.533275422060118581e+04
5.668144294347911637e+04
5.784129603808469255e+04
5.890820104944751802e+04
5.989862342508420261e+04
6.078657094269899244e+04
6.161795535181670857e+04
6.237754508040101791e+04
6.304306213011643558e+04
6.363559049609415524e+04
6.414517266588403436e+04
6.458816821774742857e+04
6.497635476038314664e+04
6.531616867934002221e+04
6.562408623788230761e+04
6.589899725483238581e+04
6.614660034458593873e+04
6.637024513510221732e+04
6.657055189836514182e+04
6.675480933732178528e+04
6.692330234556163487e+04
6.707644724176396267e+04
6.722874838447531511e+04
6.738099832631814934e+04
6.752784894784908101e+04
6.767989787232346134e+04
6.781465696363672032e+04
6.794784003985679010e+04
6.805970526191336103e+04
6.816984673004978686e+04
6.827168582693282224e+04
6.837556509025982814e+04
6.846233120872068685e+04
6.855525337203587696e+04
6.864401869701297255e+04
6.871471191735737375e+04
6.878902819647768047e+04
6.884846743148184032e+04
6.891141977563727414e+04
6.897839819981504115e+04
6.904142706454251311e+04
6.908808997209942027e+04
6.913687704379488423e+04
6.918783197103609564e+04
6.923723054668889381e+04
6.928560597581740876e+04
6.933266970852977829e+04
6.937710241857465007e+04
6.941902050683095877e+04
6.945947823808863177e+04
6.949560337496772991e+04
6.953052348141056427e+04
6.956391148623482150e+04
6.959693940275789646e+04
6.963297941696991620e+04
6.966896625191331259e+04
6.969900670546649781e+04
6.973158059347640665e+04
6.976170969877557945e+04
6.978798420236559468e+04
6.981492077433731174e+04
6.984034928821644280e+04
6.986502717297215713e+04
6.989016388024693879e+04
6.991386212253820850e+04
6.993717678310790507e+04
6.995783264768097433e+04
6.997796188774768962e+04
6.999620902628140175e+04
7.001403080352961842e+04
7.002980396829391248e+04
7.004565616483661870e+04
7.005948454659682466e+04
7.007325657422364748e+04
