2.360226951291860757e+02
3.059713964462666240e+02
2.781362031840710642e+02
2.811089904759789988e+02
2.841488253021820469e+02
2.863673621059031120e+02
2.912616086869366541e+02
3.003256631102522078e+02
3.114609723436720969e+02
3.173069654182780255e+02
3.324544916970577901e+02
3.450597429361191075e+02
3.644294984920863953e+02
3.758328070342789715e+02
3.851820958432846851e+02
3.957219819932591918e+02
4.075653994161160654e+02
4.252714879738875879e+02
4.370065409505465368e+02
4.502639310456719386e+02
4.624341495343887800e+02
4.736951218558181722e+02
4.885169281346524599e+02
5.105874176485140765e+02
5.065487661339669785e+02
5.284270533717231046e+02
5.446659035691452573e+02
5.623100648710169480e+02
5.685264076762209697e+02
5.764062490393363305e+02
5.806151028005507442e+02
6.046842993468455916e+02
6.122015016722580185e+02
6.330199582930183624e+02
6.376289863654920964e+02
6.487813532964602246e+02
6.606971160347131899e+02
6.567837106854993863e+02
6.652677168359647339e+02
6.825412098040070532e+02
6.758043791033895786e+02
6.721270456682460690e+02
6.888159989189454109e+02
6.813785790323020137e+02
6.871177489315759885e+02
6.910335581290471509e+02
6.813711533996041680e+02
6.905968279040150719e+02
6.950676976418507138e+02
6.994534437394701172e+02
7.000426754930762172e+02
7.048684891431350934e+02
7.040755937946811400e+02
7.072368461976863045e+02
7.057184263090002787e+02
7.091760019334130902e+02
7.065030801697450897e+02
7.119620082297617500e+02
7.098834624263907926e+02
7.066248332015184133e+02
7.100813347526177495e+02
7.086349061104655220e+02
7.103231456844104059e+02
7.104333612137936598e+02
7.139488395159277161e+02
7.114399526400422928e+02
7.160886423528920659e+02
7.122504056584479031e+02
7.156440213400386483e+02
7.097468266469603577e+02
7.179003476912364476e+02
7.127547462301249652e+02
7.133011298652676260e+02
7.189214235633447743e+02
7.135990408571996113e+02
7.213648225851771940e+02
7.206684077910367705e+02
7.172024241120514034e+02
7.200023764768372985e+02
