7.052591110432030064e+01
1.112984872787895370e+02
1.474141462926587280e+02
1.782849296317388337e+02
2.044382896417008908e+02
2.227896397478716608e+02
2.262763074084294885e+02
2.245889927069982832e+02
2.291753277867562986e+02
2.340478507454591295e+02
2.323850799798525770e+02
2.550130815918643634e+02
2.577223346927360694e+02
2.710442243397384914e+02
2.889847666037729255e+02
2.981191661906296417e+02
3.086490799674082837e+02
3.128825030446451478e+02
3.160363417058973710e+02
3.209433760768126263e+02
3.196763380842327820e+02
3.065835599769017676e+02
3.174513720360500884e+02
3.225303599633191425e+02
3.284238300194911062e+02
3.327823732231483405e+02
3.245674768205130363e+02
3.298908205986796816e+02
3.277171698113094180e+02
3.307352899825162922e+02
3.305619254370670319e+02
3.295766440067424128e+02
3.284015052029510002e+02
3.293003238274952764e+02
3.407059753385493082e+02
3.279379749853841304e+02
3.313443786710843710e+02
3.389116163827277433e+02
3.390850805324619159e+02
3.506539479033180555e+02
3.354286863020566898e+02
3.349075312714460892e+02
3.353032131490913343e+02
3.411564442396245340e+02
3.539068652562182820e+02
3.368661723277902524e+02
3.430717990179299477e+02
3.354725661554676890e+02
3.415391721233357316e+02
3.445601291616476942e+02
3.424259147828455525e+02
3.417897234055667468e+02
3.517010267717740817e+02
3.394217600578364795e+02
3.514804671080240155e+02
3.429916006132376083e+02
3.503619203857511479e+02
3.408099690494947254e+02
3.396535013433806967e+02
3.431741144201484985e+02
3.438852481046837397e+02
3.515540210817603679e+02
3.477258467558047528e+02
3.559203530367658459e+02
3.495095807142265585e+02
3.470966923050728496e+02
3.501051126653753158e+02
3.391420460407844644e+02
3.504401673735853251e+02
3.476353646591458073e+02
3.533889843615826294e+02
3.475248045181602379e+02
3.515133448590414105e+02
3.501596227419758520e+02
3.525697471972817993e+02
3.510202438478535214e+02
3.439808167627912781e+02
3.401097770610630278e+02
3.520780147824090704e+02
3.492910349837596300e+02
3.358660210710311844e+02
3.463364530547207778e+02
3.521429997616411924e+02
3.576789230076106492e+02
3.486734682395764366e+02
3.418981924814158901e+02
3.590020889440589258e+02
3.493103786613253305e+02
3.396662870649622050e+02
3.423882563598219804e+02
3.609423518806149787e+02
3.459431882477595082e+02
3.447415896595475715e+02
3.521761642217797998e+02
3.477782793310675515e+02
