9.854762491057196538e-02
9.502443724682654747e+00
1.766316379575902218e+01
2.437498520837725735e+01
2.986392471157186179e+01
3.443262797717409995e+01
3.866104963374102255e+01
4.346845135503520652e+01
4.567913700175196823e+01
4.959555657334134082e+01
5.779165169107717048e+01
6.121169139187393426e+01
6.424640946526223217e+01
6.484978179211042004e+01
7.000420191865005393e+01
6.732219883558012441e+01
7.047318161395384095e+01
6.770067207448281010e+01
7.114744047269813620e+01
6.805849124342280732e+01
7.113905950353282037e+01
6.830139195350305670e+01
7.216583468392933298e+01
7.245956488573730780e+01
6.457751289753018398e+01
7.014504616884727284e+01
7.097018978174587289e+01
7.030251575969766975e+01
6.761078770346001932e+01
7.197747056697038204e+01
6.845572958971472133e+01
7.441690364488431442e+01
6.816074207981164079e+01
7.224113162852810888e+01
7.280720804666168533e+01
7.130672442350292783e+01
7.475734982456781097e+01
6.345618219973604113e+01
7.045971217511849716e+01
7.248191354234135986e+01
7.131787741363251598e+01
6.914311728063117357e+01
7.219925219403177152e+01
7.326110334487198372e+01
7.327109958076538021e+01
7.043950408381613215e+01
6.909991913129759666e+01
7.136568952682394240e+01
7.283897038857313078e+01
6.954268584609027926e+01
7.015524616728650642e+01
7.248988781273034476e+01
7.366194063098143374e+01
6.778048601616821145e+01
6.817844342801710411e+01
6.911879882460731039e+01
6.630321883921627091e+01
7.475878863325436896e+01
7.029397467068855576e+01
7.227704167282212211e+01
7.482702826093633064e+01
7.067877446138534481e+01
7.061559426103961812e+01
6.953126996519154090e+01
7.171803706038046755e+01
7.318602642465907593e+01
7.185418195554936460e+01
7.318491642197926694e+01
6.862276322921395888e+01
7.375091612766858873e+01
7.134710611625089882e+01
6.538873949163196642e+01
7.045735786584698701e+01
7.021377376574457685e+01
7.572227244264719559e+01
7.018707999124943342e+01
7.004046736588739464e+01
7.492664053608930885e+01
7.090857465313115426e+01
6.711126706317313051e+01
6.913576849489847120e+01
7.125946648344812218e+01
7.254145887112524349e+01
7.370261766138001747e+01
7.095828879048873716e+01
7.171350423190914114e+01
7.354685291829100890e+01
6.849008278528914673e+01
6.798784323433882548e+01
6.957408761585554657e+01
7.283888535265045050e+01
6.917421159316175761e+01
7.476247136426484019e+01
7.384760477273235324e+01
6.744720921775707723e+01
