9.002331748325198646e+01
1.312244996446183620e+02
1.678461600002648879e+02
1.991036055617965701e+02
2.204988797641498479e+02
2.369905243102596444e+02
2.291785719270525590e+02
2.477629234327199015e+02
2.416590880366307772e+02
2.475405907194986526e+02
2.584891952867054670e+02
2.685248135836163783e+02
2.763231785233261917e+02
2.805946733376632665e+02
2.996875925520691339e+02
3.148042631292113924e+02
3.112955336131801687e+02
3.274782201879250465e+02
3.296872689924864517e+02
3.397874458129756476e+02
3.321362663567477966e+02
3.274504590381744720e+02
3.457246458782236118e+02
3.423574432917941408e+02
3.273172231579412710e+02
3.524220009755615024e+02
3.496878396848915145e+02
3.480938679624323413e+02
3.506159273795769309e+02
3.507521040534337544e+02
3.527227028455677100e+02
3.586774926311196623e+02
3.572651354454653756e+02
3.579561854039729951e+02
3.616223572577515029e+02
3.618569457358958630e+02
3.544540107092025778e+02
3.525656103435768500e+02
3.563138622653120819e+02
3.686883124815806809e+02
3.674927358471780963e+02
3.720542296847428929e+02
3.543575119003190252e+02
3.617184171239207444e+02
3.774649858562937084e+02
3.658434348234870868e+02
3.718739322588064056e+02
3.606894931401126314e+02
3.722457591493317750e+02
3.721985634846307676e+02
3.680211512728134267e+02
3.645478199953931266e+02
3.743873626828613510e+02
3.770583327310515074e+02
3.617563095940263338e+02
3.679911462674498352e+02
3.838881587440306475e+02
3.754631787450369984e+02
3.635069834198362742e+02
3.711319621393860757e+02
3.666284135318538233e+02
3.821087574033376200e+02
3.686795679158706207e+02
3.671634274679180976e+02
3.754756984103712512e+02
3.696966321902049799e+02
3.687128785069878063e+02
3.725250037316997123e+02
3.798792000690799000e+02
3.695342638750166770e+02
3.794694027003714609e+02
3.770147505252019755e+02
3.692937752777434071e+02
3.725986360498857835e+02
3.724941780940826561e+02
3.677706309143806038e+02
3.694332009496936280e+02
3.797505701428970610e+02
3.794067518089511282e+02
3.706218653863729173e+02
3.844021269355012578e+02
3.847885392674222089e+02
3.661356792894461023e+02
3.721522856679307552e+02
3.807060164413582584e+02
3.841401304527071261e+02
3.761459442105926314e+02
3.609836130306507584e+02
3.732648321367522044e+02
3.899081722040983777e+02
3.681795645823831364e+02
3.775216016203643221e+02
3.788364612401800287e+02
3.866971382897534681e+02
3.708732507566682557e+02
