1.072995793931157067e+02
1.490551355421960977e+02
1.854993694937301996e+02
2.166317696431859758e+02
2.392541649670908157e+02
2.486053682444452306e+02
2.521821824071466835e+02
2.483621896085593335e+02
2.591685238737024974e+02
2.584583652698520950e+02
2.649394990646524661e+02
2.688979787773624253e+02
2.917851591404386795e+02
2.979700568432559749e+02
3.122286575203652319e+02
3.250089136355627488e+02
3.378047195002261560e+02
3.433781082611866964e+02
3.409754450564252579e+02
3.550345708030428682e+02
3.558671293387491801e+02
3.600043770580614932e+02
3.437871636123230701e+02
3.658483169086306361e+02
3.680733687456232701e+02
3.689855215755036397e+02
3.503610116516038602e+02
3.689624974572280394e+02
3.728745151766652270e+02
3.691991169704958793e+02
3.831532426072303110e+02
3.642699171765772235e+02
3.626796710076840782e+02
3.742898896334748429e+02
3.904047176432540596e+02
3.849534191045350440e+02
3.745981242888017277e+02
3.724897134760284985e+02
3.808864444514155707e+02
3.698062140008167944e+02
3.900751143349089602e+02
3.846645889046374691e+02
3.788832142859918690e+02
3.710088487083727955e+02
3.863334838102793469e+02
3.938847997189376997e+02
3.897126525835556663e+02
3.926512526672930790e+02
3.839222420980424317e+02
3.835864568930279006e+02
3.886722965667715357e+02
3.987812465100961390e+02
3.831919628702069076e+02
3.808337324934498724e+02
3.998561567632207812e+02
4.029824443959911946e+02
3.779420932811553939e+02
3.815636825089463855e+02
3.953458280175293567e+02
3.971968498269655470e+02
3.926832333759900848e+02
3.869769885414878559e+02
3.864114297215743932e+02
3.969775363958970615e+02
3.998413991565102492e+02
3.937510112176215102e+02
3.923328798375425777e+02
3.978580552384936482e+02
3.895969977651193403e+02
3.993935506851192940e+02
3.991750909153215616e+02
3.896911240901311544e+02
3.917041348688609332e+02
3.985272264340946435e+02
3.958060403465613035e+02
3.861154808576787332e+02
3.780152186534662633e+02
3.934540036975043904e+02
3.960980635225005244e+02
3.949396902191372760e+02
3.964882680087605422e+02
3.843749221777228513e+02
3.926071907228531472e+02
4.030402464668784432e+02
3.976837367607943747e+02
3.918898678846022676e+02
3.885830867208364339e+02
4.028870696136226570e+02
4.056570690041543799e+02
3.843702079522380473e+02
3.910430239032581312e+02
3.934971191815818656e+02
3.905889645513397568e+02
4.006677205678284963e+02
3.930723323902257107e+02
