8.939418868509639537e+01
1.158771437150664809e+02
1.371501411094898231e+02
1.541448777525610012e+02
1.685081652501247618e+02
1.751466054196937705e+02
1.793844473353080105e+02
1.765872558323951296e+02
1.830878114868006321e+02
1.744735877430245239e+02
1.873889682582541525e+02
1.953848182243475833e+02
1.943632004669013043e+02
2.104191897214748508e+02
2.160404489123147869e+02
2.269906869392399358e+02
2.349095662298315403e+02
2.438229983010597266e+02
2.442011007564096872e+02
2.592676568170175528e+02
2.494374061158091820e+02
2.543371989181090385e+02
2.612858225294958743e+02
2.561990690832594169e+02
2.685703943126641207e+02
2.652897735339976180e+02
2.699967926659817863e+02
2.671903396029888427e+02
2.640384832120919896e+02
2.753261822264314560e+02
2.676655914483259835e+02
2.711610263869562232e+02
2.716243149266295518e+02
2.694278363857918634e+02
2.817912601742476113e+02
2.797775640493183005e+02
2.748641405083266136e+02
2.864268920580723830e+02
2.716210977813565250e+02
2.790410657963406607e+02
2.817111142215045447e+02
2.870864459242259272e+02
2.816240288847465081e+02
2.834744194046606367e+02
2.924348614954008667e+02
2.819957982802905576e+02
2.937041602153370263e+02
2.904605777700722911e+02
2.893471278441200525e+02
2.911574937864363051e+02
2.864625748329222574e+02
2.971351337170075340e+02
2.970962130922924871e+02
2.906257459987921266e+02
2.955170940583464585e+02
2.883921069708361529e+02
2.887281413084259043e+02
2.941854649617276891e+02
2.937875523690925661e+02
2.917173151199634162e+02
2.937401148703034437e+02
2.866456986049682314e+02
3.030560722923514163e+02
2.935147468997997180e+02
2.990911518847756838e+02
3.019785441020200665e+02
2.994061826902800476e+02
2.821558736518790056e+02
2.986147502637343223e+02
2.947638299462224154e+02
2.850092613729408413e+02
3.084424690212878204e+02
2.929368144722134844e+02
2.938582273430305349e+02
2.976739937191727563e+02
2.963983007495738775e+02
2.956683082626866508e+02
2.991116060507174552e+02
2.983995066912804077e+02
2.919338147430929098e+02
2.966794290378396113e+02
3.072012370827641803e+02
2.918891398275837332e+02
3.060219649510567592e+02
2.993094625076130910e+02
2.974839497439783713e+02
3.113503230731856775e+02
2.940084772473387034e+02
2.976434204002032402e+02
2.949800904061112874e+02
2.943777535123990674e+02
3.046635953125619949e+02
3.004494331406780248e+02
2.953877444046021878e+02
3.024989906412553751e+02
