1.165609201018058769e+02
1.599022974316415571e+02
1.977179084843006081e+02
2.300428290180859676e+02
2.528526049551472283e+02
2.597575903428285073e+02
2.543226394961000949e+02
2.614338474051355092e+02
2.615204163978588667e+02
2.690267796443673092e+02
2.742952663972202458e+02
2.827593022327017138e+02
3.046167206580975630e+02
3.053181988368206135e+02
3.256485296506381815e+02
3.322392488391899974e+02
3.459597411731345460e+02
3.475240741983345174e+02
3.463403071551853145e+02
3.634977678115590152e+02
3.640457552213324561e+02
3.745296897395309657e+02
3.683292764721369394e+02
3.640558593746767997e+02
3.863018393373543518e+02
3.893989653207103743e+02
3.794489669119451491e+02
3.580299794212575080e+02
3.711292121213554651e+02
3.764559642309482683e+02
3.940048016480440651e+02
3.987515263250035673e+02
3.765330599355137906e+02
3.891055088818714580e+02
3.816000491755204393e+02
4.026188741005616407e+02
4.047405720624685728e+02
3.891481597490522404e+02
3.947013843606513888e+02
3.892640983617987445e+02
4.038623424962378863e+02
4.099728522171540135e+02
4.045504788783894128e+02
3.998857085812354626e+02
3.914641616843947531e+02
4.092260455899211138e+02
4.172957917616460009e+02
4.088487053945407297e+02
4.025829603435863646e+02
3.888224197416361676e+02
3.991481202878346721e+02
4.151478456407887165e+02
4.252699985171425965e+02
4.170677890556074772e+02
4.088350631602202725e+02
4.073069443338153519e+02
4.235088125481506722e+02
4.195586614330545103e+02
4.027957272789475383e+02
3.996118537656252556e+02
4.135817159974661195e+02
4.138792576908210776e+02
4.246015090793591185e+02
4.207639382478050152e+02
4.019853889535742155e+02
4.034769569943031229e+02
4.191654493305665028e+02
4.132159515379387358e+02
4.236155754796836277e+02
4.122507096261654738e+02
4.073997958319540658e+02
4.160347493285888731e+02
4.141795543889671194e+02
4.176102108342851125e+02
4.119758836717526833e+02
4.133624884596351308e+02
4.021768480849149228e+02
4.180669779478485566e+02
4.107949844140557616e+02
4.118543779114917811e+02
4.235239532557422990e+02
4.097185312198451470e+02
4.182612328925254701e+02
4.128271234883514467e+02
4.153061795994617000e+02
4.261882453045237185e+02
4.233382523923495455e+02
4.178280855222297419e+02
4.150596819593162081e+02
4.220386919768354801e+02
4.014633941589912070e+02
4.222129645815147114e+02
4.200451621696455504e+02
4.095249431838810779e+02
4.189863023936879927e+02
