2.917313094209706970e-01
3.109712827279487257e+01
6.486984897284888518e+01
9.710337224469989792e+01
1.261730426138772572e+02
1.518114611086848527e+02
1.701914774712892893e+02
1.883017888895965655e+02
1.932214672659332564e+02
1.865505718475099286e+02
1.990154462238066060e+02
2.056170577683554654e+02
2.021332785955556517e+02
2.226541405659200734e+02
2.289109681882105747e+02
2.354923398011809184e+02
2.553046306277233555e+02
2.413481162690053452e+02
2.541423891851715098e+02
2.614166183296595705e+02
2.527579832466169591e+02
2.572496873312260277e+02
2.521445459065465400e+02
2.454626719458552486e+02
2.544481194980572809e+02
2.530250563027166777e+02
2.519791750243602166e+02
2.562236512952478051e+02
2.543344740224093812e+02
2.539229630634392834e+02
2.542972905658944285e+02
2.600644206282118489e+02
2.535517772583216072e+02
2.494693612867611137e+02
2.611664080492449784e+02
2.527997122977260744e+02
2.558440570646990864e+02
2.643417474734132497e+02
2.618011840438154536e+02
2.561406361377827352e+02
2.594168783147771933e+02
2.602216540785790357e+02
2.558411766874351656e+02
2.523153856604960481e+02
2.568867702312806500e+02
2.599894528987795184e+02
2.539410827704609233e+02
2.650869258585634611e+02
2.630621437620984011e+02
2.553752203642669087e+02
2.604127583491660403e+02
2.648106784448853546e+02
2.614394187044096043e+02
2.599012174336318139e+02
2.537622381105892941e+02
2.575282989112896530e+02
2.617303602892794174e+02
2.628118783596548838e+02
2.598126806270500424e+02
2.626157009598312584e+02
2.653247657972648881e+02
2.596343585552090190e+02
2.694963709003444023e+02
2.597056915962519383e+02
2.545475604563435184e+02
2.645141239642887285e+02
2.549896657941217768e+02
2.612497678692750469e+02
2.584559772286453381e+02
2.614617154506613588e+02
2.625370606626811423e+02
2.694542943120255245e+02
2.647360524489888576e+02
2.589216088405194114e+02
2.690460239619357594e+02
2.613784287244808411e+02
2.599716127827325636e+02
2.577726637755846468e+02
2.622687178732505231e+02
2.602177211855432120e+02
2.632896510866868880e+02
2.649589503346907691e+02
2.688617557375517890e+02
2.622943574536436699e+02
2.638723739370963131e+02
2.616296759837775312e+02
2.585150512144971344e+02
2.595246536490113840e+02
2.610890223870312639e+02
2.653299503658748790e+02
2.650056563801019252e+02
2.584466599827698019e+02
2.688881335720665788e+02
2.687270815343489971e+02
2.647865893908966086e+02
