3.643714050607701438e+02
5.471739754654465742e+02
5.876520143318493865e+02
5.831318423815687311e+02
5.703518581937457839e+02
5.550547975766311311e+02
5.384493162456719801e+02
5.396527511742755223e+02
5.271479762662933126e+02
5.278402320498232712e+02
5.219582518775712288e+02
5.184684783576975633e+02
5.196899566065819727e+02
5.249176995806827790e+02
5.313867138281784719e+02
5.352562011530836799e+02
5.453454868233707202e+02
5.528262210511705916e+02
5.657824877801728007e+02
5.755114621522236575e+02
5.830649415895342145e+02
5.987785230508673067e+02
6.153533632332014349e+02
6.284384156390334510e+02
6.409684516927984532e+02
6.499023871359611348e+02
6.732594288084565051e+02
6.799370834622177426e+02
7.040464073043181088e+02
7.236563322449500220e+02
7.402091891880357934e+02
7.584590858110404952e+02
7.664932889324561529e+02
7.727411880998114384e+02
7.942875212396796769e+02
8.084445880227297039e+02
8.266718958031439115e+02
8.444012385136959438e+02
8.632457488261304661e+02
8.773610810189732092e+02
8.946968048338343351e+02
8.976028841386405475e+02
9.290868922729379165e+02
9.227805132276234872e+02
9.442383843159104799e+02
9.586109658865601659e+02
9.739955673345702962e+02
9.845974877796777491e+02
9.832302467415624960e+02
9.982103487532737063e+02
1.027269809372733334e+03
1.022194245879771643e+03
1.052367942026921583e+03
1.048517650175002018e+03
1.064383687854917071e+03
1.087730441371369125e+03
1.105471446858701256e+03
1.083778292966673234e+03
1.106640364292051117e+03
1.112677951331221038e+03
1.151652146432189966e+03
1.139276656845588150e+03
1.172417057308906124e+03
1.161846350221572266e+03
1.207868953821773630e+03
1.218682183163139143e+03
1.213412958252290991e+03
1.239737614249265107e+03
1.238378733345681439e+03
1.239112066955585306e+03
1.257669596598773751e+03
1.298083591183585895e+03
1.301344800277522154e+03
1.289815518785970880e+03
1.333778426270578848e+03
1.298634982743436467e+03
1.354742461531247272e+03
1.368220867487187888e+03
1.347853303775327277e+03
