9.261109911345708667e+01
1.252177791282246062e+02
1.533310508293030523e+02
1.772724662481791711e+02
1.892884431900087066e+02
1.880713861647735143e+02
1.945953396515758982e+02
1.963611751315339404e+02
1.998123895851584280e+02
1.997550526369247450e+02
2.064517196033270920e+02
2.185478757620428780e+02
2.250897891321094448e+02
2.275877409647152660e+02
2.347759032388264870e+02
2.357378015456965272e+02
2.387146117880306520e+02
2.450262226751918604e+02
2.391692452378037785e+02
2.450462966122554462e+02
2.489672550701824889e+02
2.549986724673993024e+02
2.600089173410419221e+02
2.635324611799567265e+02
2.678567057310676773e+02
2.728518290234106871e+02
2.733445916395737072e+02
2.826103018305134356e+02
2.842710709590104443e+02
2.884545742366575496e+02
2.927510967375378641e+02
3.005702004826414964e+02
2.992846312193395306e+02
3.029125106065499722e+02
3.052226449414993681e+02
3.130593345502182956e+02
3.278326192355872877e+02
3.213007298864806671e+02
3.233510395958205663e+02
3.452059178437835953e+02
3.373860749916856889e+02
3.439869745129492458e+02
3.552891365828819517e+02
3.507153237142038051e+02
3.641143748765682631e+02
3.660489563056875113e+02
3.699133619330057741e+02
3.827505787277102058e+02
3.713105301581232993e+02
3.948562057182494982e+02
3.916013189715641261e+02
4.107669635235862415e+02
3.929711432140045417e+02
4.126830802873195125e+02
4.074448919245355683e+02
4.274589866905053555e+02
4.254825321191272565e+02
4.265034500203774428e+02
4.259556412775274339e+02
4.412550399663414851e+02
4.391562579809631188e+02
4.523024636586584393e+02
4.566605761188398560e+02
4.553699299128510347e+02
4.678838622770842903e+02
4.657013819812369775e+02
4.859299158914414534e+02
4.867869075289522698e+02
4.860244131238878253e+02
4.975681364669452478e+02
4.804325941600995407e+02
5.043370410817989864e+02
5.047613848201535234e+02
5.096278797003831755e+02
5.319686859480950716e+02
5.061225865276124978e+02
5.257654595777190707e+02
5.494332983199883529e+02
5.290405618043602090e+02
