2.607483463342372261e+02
3.921251147392529788e+02
4.447616291322718212e+02
4.326117349348413654e+02
4.281097123134967433e+02
4.238627094869262351e+02
4.310559555826445717e+02
4.221998362004171099e+02
4.153063585619211722e+02
4.129217370274311065e+02
4.061260472001482640e+02
4.128539507586525019e+02
4.184710794211309235e+02
4.320947175937520797e+02
4.407868012290929300e+02
4.550069137179571612e+02
4.672260344466263291e+02
4.782695604026533829e+02
4.965619253851419899e+02
5.096913140651918752e+02
5.232747352123390101e+02
5.417811152547504889e+02
5.580736712759311331e+02
5.775948498189753764e+02
5.821856736604186153e+02
6.019707692019075012e+02
6.228473315086707771e+02
6.345134883467359259e+02
6.455687654370751716e+02
6.601569797328766072e+02
6.683828662367260449e+02
7.055786197263215627e+02
7.166869467291041929e+02
7.273471084948002954e+02
7.375396036151594217e+02
7.477753086586824338e+02
7.546086952127766381e+02
7.709434508623761531e+02
7.964169126795974307e+02
7.894295886928822483e+02
8.066664775595218089e+02
8.273268286130107754e+02
8.431453269917993794e+02
8.421035046947623641e+02
8.671277055551206558e+02
8.698650373940851068e+02
9.050916636026302058e+02
9.038184040557910066e+02
9.259315289857388507e+02
9.255035893961627380e+02
9.555694215625883317e+02
9.672819342729392247e+02
9.681338665903283527e+02
9.895172064919087234e+02
1.005607187991489923e+03
1.010977706559565490e+03
1.014800589856566376e+03
1.047776227934843519e+03
1.037188594170961096e+03
1.038300918178151505e+03
1.049760560909266133e+03
1.066690986148346610e+03
1.061542131432997849e+03
1.068836239258081605e+03
1.109213591159526914e+03
1.123517387069173992e+03
1.144750274919864523e+03
1.156628427315227555e+03
1.168220354710323591e+03
1.189310415816237310e+03
1.189326391992353820e+03
1.194296978372770354e+03
1.201567221980773638e+03
1.215576358354040167e+03
1.198377770394314439e+03
1.203731886649247599e+03
1.214158518271345201e+03
1.217783957452039431e+03
1.213297992068682561e+03
