2.360224676787312035e+02
3.147540619487704134e+02
3.375399236707194177e+02
3.351661909305449853e+02
3.315542747565616537e+02
3.345549845526734316e+02
3.332425952315840618e+02
3.348480765580796970e+02
3.417686025392715123e+02
3.444124335627253686e+02
3.513921407808068125e+02
3.584023029927660104e+02
3.750439484954172258e+02
3.837597644846883895e+02
3.975834475659286795e+02
4.128387071305014047e+02
4.270174822448009309e+02
4.482958069001842887e+02
4.617553597989556238e+02
4.771894813938129687e+02
4.971675855596379847e+02
5.145589816766678268e+02
5.219089976759167939e+02
5.348119964408986107e+02
5.464239303135977934e+02
5.586453437489660701e+02
5.736903397758903793e+02
5.797525380131180555e+02
6.039691338651751948e+02
6.052327601643573871e+02
6.282349624272188748e+02
6.414580722440550744e+02
6.476585301058393043e+02
6.629423915677532477e+02
6.870699753935472245e+02
6.914133505848247978e+02
7.105570876910062452e+02
7.184292989027530894e+02
7.312835343798295753e+02
7.461158458431765439e+02
7.657484241291761009e+02
7.588960508995146483e+02
7.855174287741556327e+02
7.931482584182825804e+02
8.060900978316872170e+02
8.053706114465093151e+02
8.094886994876094377e+02
8.358344816263361281e+02
8.524265846293473032e+02
8.749147292099195283e+02
8.596230123873924640e+02
8.783614276845316908e+02
8.950128732656759212e+02
9.059049875146224622e+02
9.088035972164959730e+02
9.119229947610741647e+02
9.210317546024421063e+02
9.135409544261490282e+02
9.069841482836081923e+02
9.068558455460538426e+02
9.233140881947283560e+02
9.252950672891806789e+02
9.135043953919698652e+02
9.335435222179837638e+02
9.142277690774441226e+02
9.297424810523134511e+02
9.166478766636770388e+02
9.387480257317797623e+02
9.488443495692212082e+02
9.264610408472399286e+02
9.467621047208472191e+02
9.572401244435814078e+02
9.591955487576379937e+02
9.672202188133346681e+02
9.624756554475634402e+02
9.624299244533375486e+02
9.657712589407217365e+02
9.563856014628382809e+02
9.601673195717496583e+02
