4.413537877961469349e+04
4.445464061477867654e+04
4.441446267190085928e+04
4.444517036972916685e+04
4.467914563194331276e+04
4.486054393587703817e+04
4.500310998822779948e+04
4.511634498804934265e+04
4.520705004794248816e+04
4.528021948416712257e+04
4.491108102104457066e+04
4.504290575776346668e+04
4.514656425749231130e+04
4.522934710158991220e+04
4.529621856552908866e+04
4.535071192678170337e+04
4.539542549891224189e+04
4.500532583365730534e+04
4.511848002984992490e+04
4.520744122425836395e+04
4.527857016879919684e+04
4.533614812078123214e+04
4.538319537625912926e+04
4.542191904829847044e+04
4.496029725085513201e+04
4.508465342184099427e+04
4.518123090201681771e+04
4.525779627552461170e+04
4.531939996021195839e+04
4.536951502951962175e+04
4.541063041853939649e+04
4.496460882241357467e+04
4.508822124390144745e+04
4.518419395714905841e+04
4.526026221494514903e+04
4.532145524549992115e+04
4.537123016507978173e+04
4.498210910635229084e+04
4.510236795336283103e+04
4.519562488187821873e+04
4.526951967850617075e+04
4.532897300999117579e+04
4.537735044962796383e+04
4.541705620460465434e+04
4.502362471024384286e+04
4.513487002100952668e+04
4.522150375881298532e+04
4.529037798426681547e+04
4.534593936814770859e+04
4.539124873595485406e+04
4.524953606108685199e+04
4.505028389067006356e+04
4.515604026350010827e+04
4.523852327114056970e+04
4.530418772076400637e+04
4.535722483888630813e+04
4.540052309140360740e+04
4.543616011250377051e+04
4.529777659578630119e+04
4.512726159068965353e+04
4.521577690408039780e+04
4.528591874781374645e+04
4.534238027572474675e+04
4.538835487218915659e+04
4.522695728624003823e+04
4.504009691791838850e+04
4.514778116542972566e+04
4.523180113165518560e+04
4.529869309887249256e+04
4.535271602933308168e+04
4.539681080535755609e+04
4.543309504691371694e+04
4.529675131396066718e+04
4.510897183048959414e+04
4.520161847728045541e+04
4.527469901380300871e+04
4.533334040260806796e+04
4.538098124362686940e+04
4.525193328969059803e+04
