1.260155429246459789e+03
1.550422344149352512e+03
1.569971537990109255e+03
1.550326096212501170e+03
1.535184732582490824e+03
1.528224268342309870e+03
1.525527381474656067e+03
1.524569283709706951e+03
1.524273658160391051e+03
1.524220440925106232e+03
1.524240702847026569e+03
1.524276580526987118e+03
1.524301795271748460e+03
1.524319170691398540e+03
1.524330075416699628e+03
1.524333508348976693e+03
1.524337986511801319e+03
1.524337929979694081e+03
1.524338278999676049e+03
1.524339793291249407e+03
1.524337960236179470e+03
1.524339735549920988e+03
1.524338788675747765e+03
1.524338454171726426e+03
1.524340022751296374e+03
1.524338033141031246e+03
1.524339606737442182e+03
1.524338977068085569e+03
1.524338324588420619e+03
1.524340078256816696e+03
1.524338085633587752e+03
1.524339436081981376e+03
1.524339151749315533e+03
1.524338212263847026e+03
1.524340084257151148e+03
1.524338150801037500e+03
1.524339281161247072e+03
1.524339390944981460e+03
1.524338107719403524e+03
1.524340046299863388e+03
1.524338238038951204e+03
1.524339101594511703e+03
1.524339520657037156e+03
1.524338055232726674e+03
1.524340047701005915e+03
1.524338373310209590e+03
1.524338919951179378e+03
1.524339595967275727e+03
1.524338009255195857e+03
1.524339992067937146e+03
1.524338465329177097e+03
1.524338793170631334e+03
1.524339708470569121e+03
1.524337992380785408e+03
1.524339946902217889e+03
1.524338596829496055e+03
1.524338656309749467e+03
1.524339841832976845e+03
1.524337993814570382e+03
1.524339841537881284e+03
1.524338724906627476e+03
1.524338530752844690e+03
1.524339899623181736e+03
1.524337999532999675e+03
1.524339744956973846e+03
1.524338855322040217e+03
1.524338421967615432e+03
1.524340035780942344e+03
1.524338042404370981e+03
1.524339571661386117e+03
1.524339013854262930e+03
1.524338292849792879e+03
1.524340029471073649e+03
1.524338077403544048e+03
1.524339452076646921e+03
1.524339120535767734e+03
1.524338228480371072e+03
1.524340094737104209e+03
1.524338148279914549e+03
1.524339320566273273e+03
1.524339319173642025e+03
1.524338132139587287e+03
1.524340062876569391e+03
1.524338211360691275e+03
1.524339150329678432e+03
1.524339474282824312e+03
1.524338064641610345e+03
1.524340043518902576e+03
1.524338313627906700e+03
1.524338999550587459e+03
1.524339688484041517e+03
1.524338023103503929e+03
1.524339985438239637e+03
1.524338467440803470e+03
1.524338783606297284e+03
