1.212731792651307660e+04
1.671061169569364210e+04
1.966553341261544847e+04
2.182844484596593611e+04
2.362335261741411159e+04
2.517980192377035200e+04
2.649887284315636498e+04
2.598348531370840283e+04
2.709651371804863811e+04
2.829057513783332251e+04
2.812832664189132993e+04
2.950723438663709749e+04
3.068715445277748950e+04
3.039161994986498394e+04
3.156108494442076699e+04
3.263181458402624048e+04
3.220630722915924343e+04
3.317829782380119286e+04
3.225945967020118769e+04
3.279925648346373782e+04
3.337365889994236204e+04
3.253360726242241071e+04
3.324131509964576981e+04
3.248747052116874329e+04
3.308487318582941225e+04
3.343653944257266994e+04
3.236509788774711706e+04
3.294100933845870895e+04
3.357400802406697039e+04
3.277981721502388245e+04
3.350730649592684495e+04
3.242335834729871203e+04
3.284994749886988575e+04
3.336907283280404226e+04
2.972993052710831762e+04
3.092308241211583663e+04
3.199914849803080506e+04
3.153654995417494501e+04
3.220177898553087289e+04
3.127475364961271043e+04
3.197731890594567449e+04
3.271693651468359167e+04
3.202233599581156159e+04
3.284374581035299343e+04
3.219529755288414526e+04
3.265762669177565476e+04
3.310964243672195153e+04
3.219142303728185288e+04
3.287032977034425858e+04
3.356407122364365932e+04
3.283730647933958244e+04
3.357828464754866582e+04
3.244424166335986592e+04
3.292690907171945582e+04
3.349285924202751630e+04
3.264126781779711382e+04
3.334044241852644336e+04
3.258002715774059106e+04
3.310736650325451046e+04
3.345934651767908508e+04
3.238790984887150989e+04
3.294950292665529560e+04
3.104773576182951001e+04
3.072746264984746085e+04
3.180916588625018267e+04
3.098193615230474461e+04
3.156178929569157845e+04
3.222289661084645923e+04
3.144287501535285628e+04
3.226270276039943565e+04
3.306875151472138532e+04
3.243532236768820803e+04
3.303031363093382970e+04
3.197899091073266754e+04
3.257573548005576595e+04
3.324094735649646464e+04
3.248042034497750501e+04
3.324170715901182120e+04
3.250817492193387807e+04
3.304077567753787298e+04
3.343702054378979665e+04
3.243662752855193321e+04
3.304144734301970311e+04
3.367987368285959383e+04
3.292634821995789389e+04
3.366654221502604196e+04
3.259438392907068555e+04
3.302905536910056981e+04
3.355248270553962357e+04
3.266888196387306743e+04
3.054868674859062958e+04
3.029449488294295588e+04
3.132240588164456494e+04
3.191194887035399734e+04
3.102302846463250535e+04
