6.986872724969394767e+03
1.007827391860409625e+04
1.166402906532390989e+04
1.249015086301130759e+04
1.287712895580364420e+04
1.306458451000854438e+04
1.319523951860058150e+04
1.330033324032094606e+04
1.339872231239038047e+04
1.354555055277935389e+04
1.381152916605866631e+04
1.419221840916536166e+04
1.462750879250047728e+04
1.507552431719922788e+04
1.542948496376683033e+04
1.567315522857752512e+04
1.583970071712198114e+04
1.595518886027049484e+04
1.603636727776871703e+04
1.608442756195675065e+04
1.610458096724942152e+04
1.611017267115916547e+04
1.611329585600390237e+04
1.616352882661695003e+04
1.620581737420904756e+04
1.621162129679494501e+04
1.619102735676100747e+04
1.616353783865824334e+04
1.613984098659118536e+04
1.612237297857169142e+04
1.611230614691824849e+04
1.611253706187165153e+04
1.611887490296266151e+04
1.612403307923200009e+04
1.612493240390721257e+04
1.615399701025594186e+04
1.619743981986068684e+04
1.620826791026829778e+04
1.618704133943278975e+04
1.615610467959633024e+04
1.612973606931212453e+04
1.611215731844384391e+04
1.610368147924713776e+04
1.610175284127975101e+04
1.610483459762340317e+04
1.611480048798911957e+04
1.617194484895487039e+04
1.623110202271396702e+04
1.625445413183639903e+04
1.622641660595128451e+04
1.617547941254677244e+04
1.613113690973786834e+04
1.610042966751717177e+04
1.607959373064636384e+04
1.607060997675260296e+04
1.607077098158438821e+04
1.607729963161465639e+04
1.608858234823465864e+04
1.613877383662748798e+04
1.618554258412652780e+04
1.619406716618240898e+04
1.617170418054153379e+04
1.614528561332455865e+04
1.612443993327090357e+04
1.610995972929762866e+04
1.610282724514788242e+04
1.610174131883987684e+04
1.610749967106861914e+04
1.611568414862751706e+04
1.612170677690890079e+04
1.612540009312488655e+04
1.616836469450342702e+04
1.620760454088801453e+04
1.621373770833608614e+04
1.619288621693907044e+04
1.616653147886255829e+04
1.614378723101696960e+04
1.612846698641532930e+04
1.612182727340946985e+04
1.612170201734088732e+04
1.612490262413000346e+04
1.612572283112557488e+04
1.612330456206219242e+04
1.614175453715026197e+04
1.619144135296456989e+04
1.622226729802615228e+04
1.623535823499961771e+04
1.621376945976898969e+04
1.616539157041950966e+04
1.611595688346328461e+04
1.608023685257099351e+04
1.605900052812539616e+04
1.605583100573470801e+04
1.606572195084327541e+04
1.607774633762932717e+04
