1.478995061092195101e+04
1.834779881631146782e+04
2.049836880577801276e+04
2.186560459975467893e+04
2.162113753486940914e+04
2.188158853958440523e+04
2.272264472795079564e+04
2.233260776085727775e+04
2.239567729834422789e+04
2.269111267167694677e+04
2.146260272065546815e+04
2.243575340404157032e+04
2.182457461352540486e+04
2.212642287213266536e+04
2.298394732956970620e+04
2.254818905896439173e+04
2.229381642979335811e+04
2.287672106955018899e+04
2.213413614338067782e+04
2.173752117500210079e+04
2.207502900748636239e+04
2.289935371216490603e+04
2.239431113105990153e+04
2.197512123480469745e+04
2.207843776548690585e+04
2.256305151878208198e+04
2.177961681183230758e+04
2.202943693064540639e+04
2.222733506082033273e+04
2.233633212617178287e+04
2.143409697570230855e+04
2.246905972730330177e+04
2.310256941312567142e+04
2.205677362658679704e+04
2.168275885802543053e+04
2.210990207344812734e+04
2.155849210914227660e+04
2.198382855737662612e+04
2.244526446524470884e+04
2.180005619923471022e+04
2.207174810054666159e+04
2.290545211575209032e+04
2.197925653191319361e+04
2.175967981820585555e+04
2.271364710002111315e+04
2.234584891258020070e+04
2.231465606273888625e+04
2.250329926858526233e+04
2.223063731735088368e+04
2.306080577108091893e+04
2.209554580405705929e+04
2.201729218367502108e+04
2.203786983589730153e+04
2.240951228604694552e+04
2.201640130726879579e+04
2.293776400247354468e+04
2.321515898735315932e+04
2.265839270848480010e+04
2.174168885063190828e+04
2.130747032833256162e+04
2.220980100262624183e+04
2.202897981455936679e+04
2.220635080663856570e+04
2.233844306932691325e+04
2.243661542157467557e+04
2.259074165763916608e+04
2.128411086723232074e+04
2.232400357431520024e+04
2.142320770641712079e+04
2.215420993078468382e+04
2.296067910596476213e+04
2.186030270023377307e+04
2.286066887482595121e+04
2.256876376511373019e+04
2.150257868302465431e+04
2.162185659793530067e+04
2.207517708422736177e+04
2.227322414197720354e+04
2.196934092977086038e+04
2.289382008216327813e+04
2.218736191991744272e+04
2.258643488815260571e+04
2.276217309769474014e+04
2.150645068083241495e+04
2.245938707665399124e+04
2.259404532114357426e+04
2.208697191438317168e+04
2.231790223695992245e+04
2.224354467432516685e+04
2.211717206668562358e+04
2.298401370382732784e+04
2.226769778641570156e+04
2.188265355637200628e+04
2.255626352117335773e+04
2.152097900757673415e+04
