1.707857350112266431e+04
2.338473829193747588e+04
2.792656385586147007e+04
3.135507608403471022e+04
3.397766443763348070e+04
3.619567727363443555e+04
3.665295705055127473e+04
3.836977371320813108e+04
3.993187997131149314e+04
4.020955737649410003e+04
4.186604605575129244e+04
4.216851234117391868e+04
4.398566661590593867e+04
4.449270895487418602e+04
4.591103597971884301e+04
4.242069090338721435e+04
4.209783435732986982e+04
3.875262730478536832e+04
4.034046801052933733e+04
4.239175226059214037e+04
4.065990353235951625e+04
4.266507204876287869e+04
4.316930663051502779e+04
4.478020604451961117e+04
4.460145216381611681e+04
4.579253767692298425e+04
3.999281566535596357e+04
4.117519784361594066e+04
4.093942730379682325e+04
4.163967728879202332e+04
4.087944923667646799e+04
4.180701505316644034e+04
4.376894086778962082e+04
4.385728304431089782e+04
4.311844564296594763e+04
4.476205192034397624e+04
4.500577472367857990e+04
3.949735973791603465e+04
4.035297675147342670e+04
4.252030937755933701e+04
4.080124199292044796e+04
4.300660538375654869e+04
4.466059050394380029e+04
4.469461744250835181e+04
4.383248839479173330e+04
4.427613959775384865e+04
4.577034870539256372e+04
4.053130007934195601e+04
3.842577903013678588e+04
3.966449377215847926e+04
4.213784172129921353e+04
4.393112527942538873e+04
4.186450215788529749e+04
4.377078278439050337e+04
4.419619202914898779e+04
4.567823164803088730e+04
4.546890191900746868e+04
4.158889962945997104e+04
4.235831811722402199e+04
4.046072708481000882e+04
4.118437222738376295e+04
4.315699323340806586e+04
4.299081148069828487e+04
4.358594422446784301e+04
4.302963338626916811e+04
4.325798920432859450e+04
4.471448954192539532e+04
4.175418214581546636e+04
4.370992706249534240e+04
3.975123231022439722e+04
3.953390723202024674e+04
4.205981123366488464e+04
4.285805302857945935e+04
4.468219296241387929e+04
4.469345556552451308e+04
4.400192912812649593e+04
4.199023837432343862e+04
4.060810728644543269e+04
4.125503154051469755e+04
4.295335713888738974e+04
4.454149787919585651e+04
4.147068366368275019e+04
4.356878161113797250e+04
4.377078645638698799e+04
4.308627390408095380e+04
4.489387206665737176e+04
4.520300631086578505e+04
4.650796096147182834e+04
3.890972323739891726e+04
4.127378748323318723e+04
4.206228137070738740e+04
4.017683859056563961e+04
4.081946722874668922e+04
4.281391019410396257e+04
4.463398426709946943e+04
