8.947379995476438125e+03
8.948626651618780670e+03
8.949287904232869550e+03
8.949644239358580307e+03
8.949838159263650596e+03
8.949944330418042227e+03
8.950002672986600373e+03
8.950034804525948857e+03
8.950052524493576129e+03
8.950062304714276252e+03
8.950067705401021158e+03
8.950070688580741262e+03
8.950072336700672167e+03
8.950073247339561931e+03
8.950073750530449615e+03
8.950074028589571753e+03
8.950074182246575219e+03
8.950074267159581723e+03
8.950074314084129583e+03
8.950074340015677080e+03
8.950074354346079417e+03
8.950074362265417221e+03
8.950074366641845700e+03
8.950074369060375830e+03
8.950074370396921950e+03
8.950074371135533511e+03
8.950074371543709276e+03
8.950074371769278514e+03
8.950074371893935677e+03
8.950074371962822624e+03
8.950074372000892254e+03
8.950074372021930685e+03
8.950074372033557665e+03
8.950074372039982336e+03
8.950074372043534822e+03
8.950074372045495693e+03
8.950074372046579811e+03
8.950074372047180077e+03
8.950074372047509314e+03
8.950074372047693032e+03
8.950074372047793076e+03
8.950074372047849465e+03
8.950074372047878569e+03
8.950074372047898578e+03
8.950074372047898578e+03
8.950074372047898578e+03
8.950074372047898578e+03
8.950074372047898578e+03
8.950074372047898578e+03
8.950074372047898578e+03
8.950074372047898578e+03
8.950074372047898578e+03
8.950074372047898578e+03
8.950074372047898578e+03
8.950074372047898578e+03
8.950074372047898578e+03
8.950074372047898578e+03
8.950074372047898578e+03
8.950074372047898578e+03
8.950074372047898578e+03
8.950074372047898578e+03
8.950074372047898578e+03
8.950074372047898578e+03
8.950074372047898578e+03
8.950074372047898578e+03
8.950074372047898578e+03
8.950074372047898578e+03
8.950074372047898578e+03
8.950074372047898578e+03
8.950074372047898578e+03
8.950074372047898578e+03
8.950074372047898578e+03
8.950074372047898578e+03
8.950074372047898578e+03
8.950074372047898578e+03
8.950074372047898578e+03
8.950074372047898578e+03
8.950074372047898578e+03
8.950074372047898578e+03
