1.141448592445212969e-02
1.141448592445212969e-02
1.141448592445212969e-02
1.141448592445212969e-02
1.141448592445212969e-02
1.141448592445212969e-02
1.141448592445212969e-02
1.141448592445212969e-02
1.141448592445212969e-02
1.141448592445212969e-02
1.141448592445212969e-02
1.141448592445212969e-02
1.141448592445212969e-02
1.141448592445212969e-02
1.141448592445212969e-02
1.141448592445212969e-02
1.141448592445212969e-02
1.141448592445212969e-02
1.141448592445212969e-02
1.141448592445212969e-02
1.141448592445212969e-02
1.141448592445212969e-02
1.141448592445212969e-02
1.141448592445212969e-02
1.141448592445212969e-02
1.141448592445212969e-02
1.141448592445212969e-02
1.141448592445212969e-02
1.141448592445212969e-02
1.141448592445212969e-02
1.141448592445212969e-02
1.141448592445212969e-02
1.141448592445212969e-02
1.141448592445212969e-02
1.141448592445212969e-02
1.141448592445212969e-02
1.141448592445212969e-02
1.141448592445212969e-02
1.141448592445212969e-02
1.141448592445212969e-02
1.141448592445212969e-02
1.141448592445212969e-02
1.141448592445212969e-02
1.141448592445212969e-02
1.141448592445212969e-02
1.141448592445212969e-02
1.141448592445212969e-02
1.141448592445212969e-02
1.141448592445212969e-02
1.141448592445212969e-02
1.141448592445212969e-02
1.141448592445212969e-02
1.141448592445212969e-02
1.141448592445212969e-02
1.141448592445212969e-02
1.141448592445212969e-02
1.141448592445212969e-02
1.141448592445212969e-02
1.141448592445212969e-02
1.141448592445212969e-02
1.141448592445212969e-02
1.141448592445212969e-02
1.141448592445212969e-02
1.141448592445212969e-02
1.141448592445212969e-02
1.141448592445212969e-02
1.141448592445212969e-02
1.141448592445212969e-02
1.141448592445212969e-02
1.141448592445212969e-02
1.141448592445212969e-02
1.141448592445212969e-02
1.141448592445212969e-02
1.141448592445212969e-02
1.141448592445212969e-02
1.141448592445212969e-02
1.141448592445212969e-02
1.141448592445212969e-02
1.141448592445212969e-02
1.141448592445212969e-02
1.141448592445212969e-02
1.141448592445212969e-02
1.141448592445212969e-02
1.141448592445212969e-02
1.141448592445212969e-02
1.141448592445212969e-02
1.141448592445212969e-02
1.141448592445212969e-02
1.141448592445212969e-02
1.141448592445212969e-02
1.141448592445212969e-02
1.141448592445212969e-02
1.141448592445212969e-02
1.141448592445212969e-02
1.141448592445212969e-02
