3.009841047404779313e-02
3.009841047404779313e-02
3.009841047404779313e-02
3.009841047404779313e-02
3.009841047404779313e-02
3.009841047404779313e-02
3.009841047404779313e-02
3.009841047404779313e-02
3.009841047404779313e-02
3.009841047404779313e-02
3.009841047404779313e-02
3.009841047404779313e-02
3.009841047404779313e-02
3.009841047404779313e-02
3.009841047404779313e-02
3.009841047404779313e-02
3.009841047404779313e-02
3.009841047404779313e-02
3.009841047404779313e-02
3.009841047404779313e-02
3.009841047404779313e-02
3.009841047404779313e-02
3.009841047404779313e-02
3.009841047404779313e-02
3.009841047404779313e-02
3.009841047404779313e-02
3.009841047404779313e-02
3.009841047404779313e-02
3.009841047404779313e-02
3.009841047404779313e-02
3.009841047404779313e-02
3.009841047404779313e-02
3.009841047404779313e-02
3.009841047404779313e-02
3.009841047404779313e-02
3.009841047404779313e-02
3.009841047404779313e-02
3.009841047404779313e-02
3.009841047404779313e-02
3.009841047404779313e-02
3.009841047404779313e-02
3.009841047404779313e-02
3.009841047404779313e-02
3.009841047404779313e-02
3.009841047404779313e-02
3.009841047404779313e-02
3.009841047404779313e-02
3.009841047404779313e-02
3.009841047404779313e-02
3.009841047404779313e-02
3.009841047404779313e-02
3.009841047404779313e-02
3.009841047404779313e-02
3.009841047404779313e-02
3.009841047404779313e-02
3.009841047404779313e-02
3.009841047404779313e-02
3.009841047404779313e-02
3.009841047404779313e-02
3.009841047404779313e-02
3.009841047404779313e-02
3.009841047404779313e-02
3.009841047404779313e-02
3.009841047404779313e-02
3.009841047404779313e-02
3.009841047404779313e-02
3.009841047404779313e-02
3.009841047404779313e-02
3.009841047404779313e-02
3.009841047404779313e-02
3.009841047404779313e-02
3.009841047404779313e-02
3.009841047404779313e-02
3.009841047404779313e-02
3.009841047404779313e-02
3.009841047404779313e-02
3.009841047404779313e-02
3.009841047404779313e-02
3.009841047404779313e-02
