6.013461170757115060e-01
6.408187406112693107e-01
6.781196427693751971e-01
7.127422296903651588e-01
7.443351252124598139e-01
7.727170199338875278e-01
7.978381017162324840e-01
8.197674939382467718e-01
8.385920122232339846e-01
8.544700239051147284e-01
8.676092912253217104e-01
8.781857133266841586e-01
8.863437131828375559e-01
8.922034826310110134e-01
8.958841617300313809e-01
8.975126769002562677e-01
8.972239321421239255e-01
8.951700851007657889e-01
8.914591836432924632e-01
8.861729111607000720e-01
8.794991652791855907e-01
8.716672969728521680e-01
8.627824793787268742e-01
8.529095581384124047e-01
8.422163395728791135e-01
8.308851698666636088e-01
8.192392901158643825e-01
8.076368888044901384e-01
7.962529832875050451e-01
7.853610363460166166e-01
7.753680589201527029e-01
7.668175976431911289e-01
7.603546790127293509e-01
7.564316904444753353e-01
7.542388908437480666e-01
7.539599591109514831e-01
7.563861919057842664e-01
7.623031986087553946e-01
7.722804744751888828e-01
7.864925563655015273e-01
8.040430683021402292e-01
8.241536460654546037e-01
8.461184683366587134e-01
8.689059200571189745e-01
8.917867056627520883e-01
9.142955871118884081e-01
9.360243508938602686e-01
9.563711363901820084e-01
9.758536880592727503e-01
9.941970354515029529e-01
1.011318624445932457e+00
1.027123256018383612e+00
1.041808132497110240e+00
1.055752345176277585e+00
1.069253943345541691e+00
1.082062351312254700e+00
1.094636734539849110e+00
1.107184309408867362e+00
1.119722740328241040e+00
1.132222872630971100e+00
1.144624196698566632e+00
1.156508262268928888e+00
1.167741216917334013e+00
1.177939410001920262e+00
1.186808749465893209e+00
1.193824333931357007e+00
1.198456802951350042e+00
1.200587737260881083e+00
1.200235457351527257e+00
1.197421072693338528e+00
1.192073850688820880e+00
1.184157480174161226e+00
1.173674858620158634e+00
1.160674322552289306e+00
1.145194655432256514e+00
1.127383454486087011e+00
1.107453835761570859e+00
1.085651320054315860e+00
1.062248269831394420e+00
1.037534452131385398e+00
1.011806341307036172e+00
9.853568531509984130e-01
9.584701467061592650e-01
9.314108064153497901e-01
9.044080102430873680e-01
8.776669899726498025e-01
8.513662363149422374e-01
8.256564200488243355e-01
8.006642580978772239e-01
7.764958589441496306e-01
7.532162492072737026e-01
7.308708521563617166e-01
7.094885818572631564e-01
6.890833680411871942e-01
6.696560035776101261e-01
6.511960900521545081e-01
6.336839683968596981e-01
6.170925530804216574e-01
6.013890938530667141e-01
5.865366082090057720e-01
5.724950839786114853e-01
5.592227314346058797e-01
5.466769628169161344e-01
5.348150899379467971e-01
5.235949010643202728e-01
5.129751547361238728e-01
5.029159697628328152e-01
4.933791075602751985e-01
4.843281125005284293e-01
4.757284243599455564e-01
4.675474480082418283e-01
4.597545989349040019e-01
4.523212807341488451e-01
4.452208167379775872e-01
4.384283971376926603e-01
4.319210219899764502e-01
4.256773706584265904e-01
4.196777427768904056e-01
4.139039743895790990e-01
4.083393437808259807e-01
4.029624425116851705e-01
3.977433197977472412e-01
3.926689713605778231e-01
3.877283963690701385e-01
3.829115350192871525e-01
3.782092331764980719e-01
3.736131763450977750e-01
3.691158172481867061e-01
3.647103091289348731e-01
3.603904445793043587e-01
3.561505994461127145e-01
3.519856807645386776e-01
3.478910788605210636e-01
3.438626233466069992e-01
3.398965431242882418e-01
3.359894296830034932e-01
3.321382034498156499e-01
3.283400829944649324e-01
3.245925568820532403e-01
3.208933579770070210e-01
3.172404400132459723e-01
3.136319562557838836e-01
3.100662400881253333e-01
3.065417873682255157e-01
3.030572404040197676e-01
2.996113734081288227e-01
2.962029920555647733e-01
2.928261490741064788e-01
2.894773134383826219e-01
2.861559751940385143e-01
2.828616960905094291e-01
2.795941014676880387e-01
2.763528729372250470e-01
2.731377417910006433e-01
2.699484830712809980e-01
2.667849102385221882e-01
2.636468703746545073e-01
2.605342398624662659e-01
2.574469204854777926e-01
2.543848358976840696e-01
2.513479284191053043e-01
2.483361561361397685e-01
2.453494902730533611e-01
2.423879127428329727e-01
2.394514139187063351e-01
2.365399906396133400e-01
2.336536444370666543e-01
2.307923799683512522e-01
2.279562036404355341e-01
2.251451224095425974e-01
2.223591427423000366e-01
2.195982697250989657e-01
2.168625063084968219e-01
2.141518526733175720e-01
2.114663057028965398e-01
2.088058585395932421e-01
2.061705002247283536e-01
2.035602154681579457e-01
2.009749844390047169e-01
1.984147825638156171e-01
1.958795803794878831e-01
1.933693434164689418e-01
1.908840320574241578e-01
1.884236014349380539e-01
1.859880013816660183e-01
1.835771764187743849e-01
1.811910658613136438e-01
1.788296038461196780e-01
1.764927193505993475e-01
1.741803361965945096e-01
1.718923731292585078e-01
1.696287439193105429e-01
1.673893574410702523e-01
1.651741177466235500e-01
1.629829243311442522e-01
1.608156717751866582e-01
1.586722498755613608e-01
1.565525439692223297e-01
1.544564350897653926e-01
1.523838001132760411e-01
1.503345119523105677e-01
1.483084397736010029e-01
1.463054492183736566e-01
1.443254026129167922e-01
1.423681592265345353e-01
1.404335754117579660e-01
1.385215045954082957e-01
1.366317973304678468e-01
1.347643014000453887e-01
1.329188620863800407e-01
1.310953221307025740e-01
1.292935217362475020e-01
1.275132989349789248e-01
1.257544897414386020e-01
1.240169283027942743e-01
1.223004470446857478e-01
1.206048768115987463e-01
1.189300470005836274e-01
1.172757856922578140e-01
1.156419197670948557e-01
1.140282749963334313e-01
1.124346761402301026e-01
1.108609470528838931e-01
1.093069107891170150e-01
1.077723897110352685e-01
1.062572055920769920e-01
1.047611797165571568e-01
1.032841329732102909e-01
1.018258859420258094e-01
1.003862589745457418e-01
9.896507226851970762e-02
9.756214593808162916e-02
9.617730008030310473e-02
9.481035483544349163e-02
9.346113044423849658e-02
9.212944731452785141e-02
9.081512607852035290e-02
8.951798764651260065e-02
8.823785325888115760e-02
8.697454453713442113e-02
8.572788353478844048e-02
8.449769278852137244e-02
8.328379536960425766e-02
8.208601493518710712e-02
8.090417577879850664e-02
7.973810287951112186e-02
7.858762194944284019e-02
7.745255947950195619e-02
7.633274278348398112e-02
7.522800004060044288e-02
7.413816033632017466e-02
7.306305370116471243e-02
7.200251114696658294e-02
7.095636470016869479e-02
6.992444743200089408e-02
6.890659348570928044e-02
6.790263810128281674e-02
6.691241763820666988e-02
6.593576959664838866e-02
6.497253263723709593e-02
6.402254659816195015e-02
6.308565246441652508e-02
6.216169243395573002e-02
6.125050995759081379e-02
6.035194973371378613e-02
5.946585771720210023e-02
5.859208112772716637e-02
5.773046845774798541e-02
5.688086948018537120e-02
5.604313525558651116e-02
5.521711813856770151e-02
5.440267178345061655e-02
5.359965114919588297e-02
5.280791250387256719e-02
5.202731342890649924e-02
5.125771282321942707e-02
5.049897090717899578e-02
4.975094922612619680e-02
4.901351065320956601e-02
4.828651939135009813e-02
4.756984097432927217e-02
4.686334226714607837e-02
4.616689146585276765e-02
4.548035809702732218e-02
4.480361301691730691e-02
4.413652841016642986e-02
4.347897778798136270e-02
4.283083598563379446e-02
4.219197915929311093e-02
4.156228478228792683e-02
4.094163164094462987e-02
4.032989983012574137e-02
3.972697074851577748e-02
3.913272709362377449e-02
3.854705285643458129e-02
3.796983331566080450e-02
3.740095503160347640e-02
3.684030583968290334e-02
3.628777484372101153e-02
3.574325240903288708e-02
3.520663015533912615e-02
3.467780094947173208e-02
3.415665889783973258e-02
3.364309933864308155e-02
3.313701883386064445e-02
3.263831516106012465e-02
3.214688730507414549e-02
3.166263544955895404e-02
3.118546096842382889e-02
3.071526641710647931e-02
3.025195552368239657e-02
2.979543317982287845e-02
2.934560543163896446e-02
2.890237947045041361e-02
2.846566362350010787e-02
2.803536734460729263e-02
