1.905943982666522061e+02
2.240929639435084937e+02
2.767562305634797326e+02
3.359089600527248081e+02
3.947890705041827459e+02
4.551130281823454311e+02
5.181053262242133997e+02
5.848548107389694906e+02
6.499781427499610800e+02
7.117148580245835774e+02
7.704817180628576807e+02
8.316426024314023380e+02
8.943765605559274263e+02
9.529660332041589754e+02
9.980530582511092916e+02
1.058019940494498542e+03
1.104887956949160525e+03
1.143996015364428104e+03
1.192241655209772262e+03
1.241468913195708183e+03
1.280009794459772593e+03
1.327606780911340365e+03
1.363756895129313989e+03
1.406867392882862532e+03
1.444137496012462407e+03
1.479987749689991688e+03
1.516391625999040798e+03
1.554238573868708272e+03
1.589285479237499658e+03
1.621924446506009190e+03
1.657917689780312685e+03
1.692114321540998390e+03
1.725407882289879126e+03
1.757842258552562043e+03
1.788145670423042702e+03
1.821227793847601106e+03
1.849946454969650631e+03
1.883679433574030782e+03
1.901909375002118395e+03
1.941671172942437124e+03
1.961117395795698258e+03
2.000583004176543000e+03
2.021930561074120305e+03
2.051794006139779412e+03
2.076024531616265904e+03
2.107953286326120633e+03
2.129511024895000446e+03
2.161555932776525424e+03
2.185970256118174348e+03
2.217820732116990712e+03
2.241247046669084739e+03
2.270706783162288048e+03
2.291200778853768497e+03
2.317731364538893104e+03
2.345255629109455185e+03
2.371024761684446730e+03
2.392903441462103729e+03
2.425156396523043441e+03
2.446337177899243670e+03
2.469808395059671057e+03
2.497857023548110647e+03
2.520103343499593848e+03
2.542198546735281525e+03
2.571278922047951255e+03
2.591124668022543574e+03
2.614471148839337275e+03
2.636354953429678972e+03
2.666090658051766695e+03
2.688777893681798560e+03
2.710659904003671727e+03
2.732445761032502105e+03
2.760917469271156733e+03
2.778909023674278615e+03
2.798040154679035822e+03
2.818323100037143377e+03
2.845467668814918397e+03
2.864165699980555473e+03
2.882061126989498916e+03
2.909799726910689060e+03
