3.481190466613552417e+02
4.439642268827431622e+02
5.778860825434503568e+02
7.146729167783596495e+02
8.458389240217076122e+02
9.761291468431370504e+02
1.113843544989304291e+03
1.259690908915227965e+03
1.401884549586176718e+03
1.540443238192709714e+03
1.690284285876944978e+03
1.820347644523070585e+03
1.954432570018840124e+03
2.092021823132645750e+03
2.227840386792891422e+03
2.350972751451326985e+03
2.436331882042127290e+03
2.563285638947755615e+03
2.672994731250597852e+03
2.762637974864995158e+03
2.873582114067608018e+03
2.933439088968408669e+03
3.037650817783112416e+03
3.124623033965375271e+03
3.196589317485036190e+03
3.293806669527543818e+03
3.357721038562638569e+03
3.451472502493704724e+03
3.521169357508565554e+03
3.608869866716684555e+03
3.675473012759818630e+03
3.745034174867229012e+03
3.809901844498216633e+03
3.906346718403839532e+03
3.962410771139045210e+03
4.028350261023064832e+03
4.089798070734819248e+03
4.159003709034248459e+03
4.221457256389509894e+03
4.292320340942158509e+03
4.354008269597092294e+03
4.421645526028997665e+03
4.481470962734629211e+03
4.542345732306920581e+03
4.607073968530942693e+03
4.669195171170935282e+03
4.724743440482136066e+03
4.784418298691541167e+03
4.844704973853179581e+03
4.904870553523221133e+03
4.962957020783484040e+03
5.006169959636936255e+03
5.065270588810260051e+03
5.122202419481343895e+03
5.165865566698073962e+03
5.219652424880307990e+03
5.277716643270945497e+03
5.325480598428963276e+03
5.383452895231256662e+03
5.438779893819392782e+03
5.482628854780708025e+03
5.547526330736020100e+03
5.578196828422869658e+03
5.633611897331931686e+03
5.688091501822661485e+03
5.726876474017974033e+03
5.786667846681822084e+03
5.832724486783967222e+03
5.880518364161848694e+03
5.919241601093045574e+03
5.976019575165335482e+03
6.018061068101015735e+03
6.065176535730169235e+03
6.105996266871106855e+03
6.165385939132669591e+03
6.197032441213071252e+03
6.253293982610116473e+03
6.295738080339048793e+03
6.352444969782633962e+03
