2.720954930360467756e+02
3.454037984450278600e+02
4.503760518248894300e+02
5.590760250340699713e+02
6.645348003250396687e+02
7.707284566741603840e+02
8.823223386301270921e+02
1.000058297222306578e+03
1.114623590213428088e+03
1.228858904130274368e+03
1.343091620719914999e+03
1.446566811491284398e+03
1.555174695280944434e+03
1.665545612303704957e+03
1.769080949587753821e+03
1.869592769188918282e+03
1.955931452350908557e+03
2.049019053850685850e+03
2.134377232687626929e+03
2.204391769727439623e+03
2.284628904015431544e+03
2.350438264904518746e+03
2.420717451806002373e+03
2.515101340990183871e+03
2.562396202354967954e+03
2.629753386067968677e+03
2.684844622607155998e+03
2.763166183463727066e+03
2.811330449263552964e+03
2.881287484656400011e+03
2.932078936475962564e+03
2.987518488578189135e+03
3.043773268537032436e+03
3.101288380855151445e+03
3.154748042800970779e+03
3.212945755943330369e+03
3.265291649466785657e+03
3.318691753723958755e+03
3.370844999935431133e+03
3.421326849116669109e+03
3.474485139485755099e+03
3.523512385290434850e+03
3.576817034006121503e+03
3.626928701505460594e+03
3.676395312949317486e+03
3.723555815764392264e+03
3.763382494067759126e+03
3.814059459699361469e+03
3.864027995456036024e+03
3.895124742926258023e+03
3.944965807755376773e+03
3.990242732518282537e+03
4.028274560805988585e+03
4.075322369565965801e+03
4.123900245467631066e+03
4.154308507066170932e+03
4.207379830273594962e+03
4.241372647942694130e+03
4.291354249181666091e+03
4.323367616409364018e+03
4.378716061786831233e+03
4.411010854413945708e+03
4.461029875091228860e+03
4.490805302927867160e+03
4.536345887234527254e+03
4.568732574743114128e+03
4.616794172945726132e+03
4.645772941904408071e+03
4.690490485973570685e+03
4.729489463275045637e+03
4.772187675177380697e+03
4.803127720495259382e+03
4.845584205270513849e+03
4.881425895983269584e+03
4.923237991154276642e+03
4.947807171346173163e+03
4.997180200502024491e+03
5.022744344486813134e+03
5.071500370617700355e+03
