2.925493799761702030e+04
3.223381938297020679e+04
3.457111231005437730e+04
3.651438840905334655e+04
3.815665680978951423e+04
3.955461004093784868e+04
4.074833710219837667e+04
4.186631717789570394e+04
4.289636772816904704e+04
4.383669703356931859e+04
4.464363514823844889e+04
4.532395333672368724e+04
4.598754261254089943e+04
4.662385105013046996e+04
4.719467873798808432e+04
4.769060353612333711e+04
4.812069915088534617e+04
4.850156459665354487e+04
4.885608780300505168e+04
4.915366141204886662e+04
4.942141256401867577e+04
4.964332320257744868e+04
4.984644501846208004e+04
5.001577570756356727e+04
5.016663390960422112e+04
5.030479719861099875e+04
5.043029583772778278e+04
5.054807719574452494e+04
5.065121339571737917e+04
5.074724764025703917e+04
5.083779858618884464e+04
5.092103469049462001e+04
5.099520265904432745e+04
5.106736995043001662e+04
5.112973424799341592e+04
5.119346470856123779e+04
5.125170592119317735e+04
5.130538345470133208e+04
5.137305545790937322e+04
5.145634742778701184e+04
5.154646289897071256e+04
5.163567220337663457e+04
5.172011062383284298e+04
5.179762157136337191e+04
5.186969765735080000e+04
5.193509680530428886e+04
5.199462236163414491e+04
5.204800417718345125e+04
5.209685569615450368e+04
5.214030042058786785e+04
5.218278595544661948e+04
5.221712329208025039e+04
5.224596084709258866e+04
5.227486177168243739e+04
5.230265847232285887e+04
5.232615471725169482e+04
5.234610080221826502e+04
5.236084535154181503e+04
5.237789717798898346e+04
5.239571145020514814e+04
5.241524995087414572e+04
5.243426418916137482e+04
5.245093483558182197e+04
5.246513877903699176e+04
5.248002276634881127e+04
5.249335929959847272e+04
5.250767629267647862e+04
5.251850768338610942e+04
5.253039165971365583e+04
5.254091902964070323e+04
5.254952960794768296e+04
5.255775783497715020e+04
5.256652741349460848e+04
5.257486274291554582e+04
5.258165670589536603e+04
5.258585368846074562e+04
5.259335090811309055e+04
5.260206030537841434e+04
5.261106455193241709e+04
