1.232578856685622526e+02
1.465047930092283082e+02
1.507933679630970403e+02
1.527025402525424340e+02
1.537858203210548709e+02
1.547212559707892581e+02
1.558649452032219074e+02
1.575333374192060205e+02
1.594415605872571575e+02
1.607774445922887594e+02
1.613801033492651413e+02
1.616035070320073999e+02
1.616989466894648331e+02
1.617526377678084941e+02
1.617895702524640740e+02
1.618171614368706628e+02
1.618381129768428082e+02
1.618540425937707710e+02
1.618663464751454342e+02
1.618758840330679334e+02
1.618833005692213192e+02
1.618890995974637974e+02
1.618937618525064295e+02
1.618975889319197563e+02
1.619007064538171790e+02
1.619033162944230355e+02
1.619055637137707890e+02
1.619074929079513652e+02
1.619090789161616044e+02
1.619103720138975291e+02
1.619114211896477116e+02
1.619122195853734638e+02
1.619128608486061296e+02
1.619134326374467605e+02
1.619139532581742742e+02
1.619144090048896487e+02
1.619147975728953952e+02
1.619151606638362182e+02
1.619154082569871775e+02
1.619156101843814213e+02
1.619158328414651180e+02
1.619159865853479801e+02
1.619161095436501796e+02
1.619162050463464766e+02
1.619163201271507830e+02
1.619164012600167837e+02
1.619165226102602730e+02
1.619165503812425015e+02
1.619166054080972117e+02
1.619165787356820374e+02
1.619165660596420935e+02
1.619165545231376768e+02
1.619166208538067337e+02
1.619166779612681353e+02
1.619167178055891725e+02
1.619167434575432480e+02
1.619167649761290875e+02
1.619167288113709446e+02
1.619167081194880211e+02
1.619166697083214785e+02
1.619166725422565491e+02
1.619166628770451553e+02
1.619166990008798166e+02
1.619166745948164703e+02
1.619167637102551680e+02
1.619167945885911308e+02
1.619168701945853570e+02
1.619168818287168676e+02
1.619168774066484104e+02
1.619167995425865456e+02
1.619167649557917912e+02
1.619167053544335886e+02
1.619166759124071859e+02
1.619166820167810386e+02
1.619166969211343030e+02
1.619166858230547064e+02
1.619167460243542394e+02
1.619168207282050957e+02
1.619168977142778942e+02
