9.601708046293646476e+03
9.890096000001392895e+03
1.063667722508789484e+04
1.128545380402787487e+04
1.186723722001434726e+04
1.240474654662421744e+04
1.290743405649332817e+04
1.337868333256689584e+04
1.381612883372862416e+04
1.420655986216191559e+04
1.453985289635373192e+04
1.481963781092323006e+04
1.505464907070811751e+04
1.533891670042459373e+04
1.565568353361225854e+04
1.593947532909610163e+04
1.617457113699106776e+04
1.636395830472775924e+04
1.650549681223689186e+04
1.662465492877151701e+04
1.673238435506085807e+04
1.682286406387958050e+04
1.689377478833090572e+04
1.695922313960432075e+04
1.702070079967833954e+04
1.707791078764203485e+04
1.713184321818273020e+04
1.718105227998376722e+04
1.722555629494042660e+04
1.726935076099462458e+04
1.730967170893791626e+04
1.734173177691250021e+04
1.737105856117940129e+04
1.740014289924121840e+04
1.742386347691261835e+04
1.744531924645463005e+04
1.746737368612709543e+04
1.748492157010130541e+04
1.750100692590445396e+04
1.751935914983682596e+04
1.753367513669510299e+04
1.754420721658398543e+04
1.755353893582231103e+04
1.756294035623670061e+04
1.757465992296220793e+04
1.758319030351339097e+04
1.758920324456482922e+04
1.759705809074271383e+04
1.760287748031084266e+04
1.760640651539483952e+04
1.760903217462661269e+04
1.761249678819696419e+04
1.761515537049617706e+04
1.761656689137501235e+04
1.762123834750914830e+04
1.762395130826250534e+04
1.762579970709278859e+04
1.762465425329500795e+04
1.762371508459983306e+04
1.762758407305404762e+04
1.762912287538332748e+04
1.762817243961531494e+04
1.763000698909555649e+04
1.763117015902767889e+04
1.763043854240651126e+04
1.763299693073016897e+04
1.763690222846417601e+04
1.763726828921270499e+04
1.763824661786103024e+04
1.764153899585894032e+04
1.764509588336605884e+04
1.764456707549653584e+04
1.764327404147785273e+04
1.764512746226284798e+04
1.764635767036693142e+04
1.764904836489141599e+04
1.764738346333668596e+04
1.764631639981877015e+04
1.764889550747250541e+04
