4.788260469309661130e+04
5.065200938053824939e+04
5.282405359422633774e+04
5.470005205813670182e+04
5.633163271316893952e+04
5.776187411688744760e+04
5.910209911898898281e+04
6.033814392547224998e+04
6.148783543586707674e+04
6.251234981936329132e+04
6.340876546829934523e+04
6.418851168554835021e+04
6.486624417664335488e+04
6.545891999840906647e+04
6.596432813251882908e+04
6.641406035842123674e+04
6.680075492588312773e+04
6.714840974116246798e+04
6.746959033590374747e+04
6.776476490855519660e+04
6.804962157107409439e+04
6.830577190295673790e+04
6.854587962825279101e+04
6.875749980272659741e+04
6.895558055254547799e+04
6.913867051597918908e+04
6.930738761613937095e+04
6.946410759877365490e+04
6.961101404711042414e+04
6.975143923757906305e+04
6.988412673940544482e+04
7.000789714869471209e+04
7.012183009097995819e+04
7.022861259330078610e+04
7.032586122894065920e+04
7.042219145522685722e+04
7.051326687067332387e+04
7.060006724056832900e+04
7.068675877438235329e+04
7.078043248104857048e+04
7.089867861465258466e+04
7.100785907553037396e+04
7.110406303528742865e+04
7.120910828745088656e+04
7.129559301427785249e+04
7.138602521946471825e+04
7.145588415226284997e+04
7.153487242542668537e+04
7.159586966284255323e+04
7.166313448888793937e+04
7.171106285080125963e+04
7.177141485514798842e+04
7.181475185223895824e+04
7.186670683124057541e+04
7.190104977605737804e+04
7.194718662951693113e+04
7.199497721707927121e+04
7.202734841386144399e+04
7.207196319120569387e+04
7.211410941066556552e+04
7.213820521089318208e+04
7.217364492191735189e+04
7.221087110033053614e+04
7.224578237764239020e+04
7.227945449127299071e+04
7.231566105834671180e+04
7.234666029533799156e+04
7.235669134616958036e+04
7.238220199230904109e+04
7.241443514461570885e+04
7.244439878115103056e+04
7.247331502745700709e+04
7.250628012411223608e+04
7.253125304375494306e+04
7.255022871139568451e+04
7.256836276940288371e+04
7.258846544951703981e+04
7.260824302916969464e+04
7.262947492534300545e+04
