6.002308998896369596e-01
6.072249930454821643e-01
6.143547423446845679e-01
6.216284941118567220e-01
6.290498538783176885e-01
6.366251242923900433e-01
6.443623635268360683e-01
6.522710272113764196e-01
6.603620499558192636e-01
6.686479129302256297e-01
6.771425315422957558e-01
6.858612955394866040e-01
6.948215188665124442e-01
7.040414139349099321e-01
7.135404935307791963e-01
7.233399450295744382e-01
7.334611621607225462e-01
7.439227773879453220e-01
7.547435707153781204e-01
7.659401233288305466e-01
7.775276528952674848e-01
7.895215750009526579e-01
8.019322622444169379e-01
8.147700395402185380e-01
8.280457251307252742e-01
8.417705206515238014e-01
8.559548005828585548e-01
8.706085246627758290e-01
8.857397540733619179e-01
9.013175234079574549e-01
9.173286186474642889e-01
9.337810711286638199e-01
9.506813301228198565e-01
9.680342081625952222e-01
9.858439818831409296e-01
1.004115078559385088e+00
1.022852168097342807e+00
1.042060714096720853e+00
1.061759862683760547e+00
1.081950689646625552e+00
1.102588515685065440e+00
1.123731702140533750e+00
1.145439888735904299e+00
1.167768822158407049e+00
1.190776307297520598e+00
1.214526396536931063e+00
1.239092259794175144e+00
1.264557904369524532e+00
1.291022475733346386e+00
1.318575754731484917e+00
1.347306674734984444e+00
1.377304989735010698e+00
1.408657894948583733e+00
1.441459709004061507e+00
1.475809612328254028e+00
1.511808689301065600e+00
1.549556531284245642e+00
1.589148534814379454e+00
1.630635459936105480e+00
1.673754505139281035e+00
1.718480734411177879e+00
1.764801263567941092e+00
1.812595435400496058e+00
1.861856531415581939e+00
1.912565692748723345e+00
1.964682127247940446e+00
2.018143246761872511e+00
2.072869708061740646e+00
2.128768267914007861e+00
2.185735053941338712e+00
2.243658996286763241e+00
2.302425034431848871e+00
2.361916737343589201e+00
2.422017974406981189e+00
2.482648475322956738e+00
2.543974061004921516e+00
2.606555915934483547e+00
2.670674452965570822e+00
2.736238347271986449e+00
2.803135896160420693e+00
2.871238053086826447e+00
2.940401516449970387e+00
3.010477444812060366e+00
3.081242186045429321e+00
3.152501156102950564e+00
3.224107996084817351e+00
3.295924718159077393e+00
3.367822458557558907e+00
3.439681134018906850e+00
3.511388610683458200e+00
3.582862560867979163e+00
3.653966825000932506e+00
3.724381486379527040e+00
3.794022036387133312e+00
3.862819739042930411e+00
3.930718773517241971e+00
3.997733994568720028e+00
4.063927501242685203e+00
4.129290699187626146e+00
4.193824952483135249e+00
4.257542742827268079e+00
4.320464970289074280e+00
4.382620091205537527e+00
4.444042774617019020e+00
4.504773315102881703e+00
4.564857328721934948e+00
4.624345113244925365e+00
4.683291133489902336e+00
4.741752357285319519e+00
4.799744409073795737e+00
4.857304198744271773e+00
4.914492776197385560e+00
4.971371522340504612e+00
5.028001699831793125e+00
5.084444059025883256e+00
5.140758608057952372e+00
5.197004988006642456e+00
5.253241016226572135e+00
5.309521824736527229e+00
5.365899610641228890e+00
5.422423526398189253e+00
5.479145635927303637e+00
5.536183123651833959e+00
5.593600828313872064e+00
5.651439184718202391e+00
5.709616559322491902e+00
5.767861256449025475e+00
5.826190443987824708e+00
5.884636844708018621e+00
5.943232611239947616e+00
6.002009027847029721e+00
6.060996304190303441e+00
6.120223419315585112e+00
6.179717934298578186e+00
6.239503141580270196e+00
6.299578283581412919e+00
6.359957696857635234e+00
6.420659121976113326e+00
6.481697787389381737e+00
6.543086240990082736e+00
6.604834202696091339e+00
6.666951572610813948e+00
6.729533587715460285e+00
6.792627473188604270e+00
6.856234585113489821e+00
6.920352768078108951e+00
6.984976662860759689e+00
7.050098089880175500e+00
7.115706462008211552e+00
7.181776051626205692e+00
7.248263924695346638e+00
7.315152833461084469e+00
7.382425496696352063e+00
7.450064139514005923e+00
7.518050196224312920e+00
7.586364340585142862e+00
7.654986549690623754e+00
7.723896064187607102e+00
7.793071625208495945e+00
7.862491594459034339e+00
7.932134041030733940e+00
8.001976832894790448e+00
8.071997731330236903e+00
8.142174484791853573e+00
8.212484916819835945e+00
8.282907001565034122e+00
8.353418983953693200e+00
8.424000371575449009e+00
8.494632319061830472e+00
8.565318704230284297e+00
8.636052900790591735e+00
8.706815879034390804e+00
8.777589120700381997e+00
8.848354854076445619e+00
8.919083489659607622e+00
8.989737331718176350e+00
9.060299865283479193e+00
9.130755928454561854e+00
9.201091390213045784e+00
9.271293164178697310e+00
9.341349219578821916e+00
9.411248584857036192e+00
9.480981338136743375e+00
9.550538580764392549e+00
9.619912400633351623e+00
9.689095828512721553e+00
9.758082789353901276e+00
9.826868050176232217e+00
9.895447166625737978e+00
9.963816431393320627e+00
1.003197144080614756e+01
1.009989482371429226e+01
1.016758025572111457e+01
1.023504941256423173e+01
1.030232063298856282e+01
1.036939146236879061e+01
1.043626013600623992e+01
1.050292558721503688e+01
1.056938745993574358e+01
1.063564612276239707e+01
1.070170268305005301e+01
1.076755900126333820e+01
1.083321770742840862e+01
1.089868222197856973e+01
1.096395678276823915e+01
1.102904647876191113e+01
1.109395728962602767e+01
1.115869612944991118e+01
1.122327089199934491e+01
1.128769049399838664e+01
1.135196491209218017e+01
1.141610520871459222e+01
1.148012354185708439e+01
1.154403389497969634e+01
1.160789583651662404e+01
1.167175104078152792e+01
1.173561518985534136e+01
1.179950461956890173e+01
1.186343623671418257e+01
1.192742740168585236e+01
1.199149553038891369e+01
1.205565807553500690e+01
1.211993281363444908e+01
1.218433760891877249e+01
1.224884819300118366e+01
1.231332079911632427e+01
1.237775623934737368e+01
1.244217239272548703e+01
1.250658625892405418e+01
1.257101354869424092e+01
1.263546847281934227e+01
1.269996354593934029e+01
1.276450940790410193e+01
1.282911466690731928e+01
1.289378576944612220e+01
1.295852690141451369e+01
1.302333991490352894e+01
1.308822424887205571e+01
1.315317695584531066e+01
1.321819275357784917e+01
1.328326408235048817e+01
1.334838118524185369e+01
1.341355663134072884e+01
1.347882289622426200e+01
1.354419034098857288e+01
1.360964284569221938e+01
1.367516274671372223e+01
1.374073103046644029e+01
1.380632750433451506e+01
1.387193097238236028e+01
1.393751941369760594e+01
1.400307016120451564e+01
1.406856007899956573e+01
1.413396573668023848e+01
1.419926357909310433e+01
1.426443009004636941e+01
1.432944194294912599e+01
1.439427609284623877e+01
1.445890993254156243e+01
1.452332145064452185e+01
1.458748934288301236e+01
1.465139310974545417e+01
1.471501314087444356e+01
