1.038227662907728615e+02
1.605648986035760686e+02
2.256940607237954453e+02
2.600183734502858215e+02
2.819452941711195422e+02
3.095441780351231955e+02
3.316659774350821976e+02
3.471663222806076874e+02
3.667205079417474849e+02
3.777571139178919566e+02
3.817041807926389083e+02
3.881568332774033934e+02
3.931220606718360955e+02
4.005520893434004392e+02
4.050930561956874385e+02
4.080250567527703538e+02
4.216100978044322574e+02
4.328446107170432811e+02
4.269832905124377476e+02
4.318552415407475564e+02
4.404357790193027427e+02
4.397380503685910753e+02
4.487692639563028365e+02
4.466544862337409540e+02
4.558157477968808280e+02
4.528712442789740180e+02
4.612850055964286184e+02
4.587861944884020318e+02
4.676408023998026238e+02
4.710327839486587891e+02
4.776526906308300227e+02
4.814691344985408250e+02
4.816409317265707841e+02
4.856485515453415474e+02
4.948348436761979201e+02
5.015502827625010696e+02
5.005076109870374808e+02
5.072855955939543264e+02
5.047378300445539026e+02
5.159219429500280967e+02
5.142364209491016709e+02
5.211813690879022261e+02
5.201381027976249243e+02
5.225218484383718760e+02
5.305467014434934754e+02
5.315679014657783910e+02
5.357366169959653917e+02
5.349422439851391573e+02
5.393339250864678434e+02
5.410748515522907383e+02
5.450471407882696440e+02
5.489442367087065122e+02
5.522656687763976606e+02
5.522105697882193454e+02
5.556969087047461926e+02
5.588753610865139763e+02
5.633681555375377457e+02
5.663665500474121473e+02
5.707488740622494561e+02
5.742816241323686199e+02
5.773806067321065711e+02
5.822823340241333199e+02
5.873644283005726265e+02
5.932511571991136634e+02
5.996690306845216583e+02
6.069662280337743141e+02
6.144063312376231352e+02
6.221980710010997200e+02
6.302367018460338386e+02
6.384362125626659008e+02
6.466316586432618578e+02
6.549077353502666483e+02
6.630876572995762217e+02
6.714186609285425220e+02
6.796394744271805166e+02
6.879490940625889834e+02
6.963012874319230150e+02
7.045675716529365218e+02
7.128079898333397750e+02
