3.733475422682102973e+00
7.837112420295228254e+00
1.226939906035109651e+01
1.712130952880361434e+01
2.257988816468898108e+01
2.897851743022330240e+01
3.626583105398387374e+01
4.389701991415408600e+01
5.174680394947606743e+01
6.010614742827337409e+01
6.641507908896821277e+01
7.218788430157025005e+01
8.023692993497716941e+01
8.960931849315439024e+01
9.165865398393405883e+01
9.704478920792544727e+01
1.048240283027982684e+02
1.120961491703245088e+02
1.162104839612506595e+02
1.260768968959944800e+02
1.237177850308871143e+02
1.178298813517394024e+02
1.285503567665037394e+02
1.368578919826115907e+02
1.355832416016814364e+02
1.421094265392851241e+02
1.520546422544310587e+02
1.467274510727599761e+02
1.530587888819457874e+02
1.509010031925716930e+02
1.486092645119139775e+02
1.606755259505347624e+02
1.636317739555672972e+02
1.697689088965456961e+02
1.584171985650603744e+02
1.635657622349876306e+02
1.665022808679019022e+02
1.665550757775777981e+02
1.728051871711058993e+02
1.814143472015105942e+02
1.783639376735678752e+02
1.820437619057626080e+02
1.669262882141240993e+02
1.726363376425001661e+02
1.840435302840626264e+02
1.794272910162354719e+02
1.860789297536246067e+02
1.830603038891465246e+02
1.826172677232128194e+02
1.762499888293408503e+02
1.812881831224027280e+02
1.937595053313158644e+02
1.935614828146433410e+02
1.910815783093478331e+02
1.855851584938245935e+02
1.915562736341494485e+02
1.945519542261115191e+02
1.949259658459962736e+02
1.999011757430625948e+02
1.911625755266937006e+02
1.966274685049176298e+02
2.011732538655779763e+02
1.965069022760526423e+02
2.010440682028331878e+02
2.007255720498543781e+02
2.004684153559667266e+02
1.911382042120848723e+02
1.942662478705872502e+02
2.071014821251685589e+02
1.995544456663869255e+02
2.055306861944669947e+02
2.020458970581682365e+02
2.014054462433555273e+02
1.931086068263790594e+02
1.997910090693798963e+02
2.069466750189540676e+02
1.998804948672484443e+02
2.068289754243531604e+02
2.046952394214031585e+02
2.080195642754260348e+02
2.031764422767190297e+02
2.082345300004419926e+02
2.030841166684730013e+02
2.081535747111045396e+02
2.084836641990719670e+02
2.077009091718666411e+02
2.122065348680829970e+02
2.110339339888650159e+02
2.139880698492613647e+02
2.107563532299841143e+02
2.162590607891116008e+02
2.040090793621936882e+02
2.067913935056118078e+02
2.160616986935219757e+02
2.061547188574127176e+02
