2.515339316887300569e+01
3.069731605511200812e+01
3.686216264425347333e+01
4.376251498477714819e+01
5.157204203102079987e+01
6.060858849851535268e+01
7.160809775487885531e+01
8.453387571398664591e+01
9.795901518898553206e+01
1.116536467227007705e+02
1.209625632182855668e+02
1.323552673989281914e+02
1.440963545196172504e+02
1.490959584853456477e+02
1.564403027854177139e+02
1.683878231344288565e+02
1.749653603598548557e+02
1.874500329305489856e+02
1.875193966112643409e+02
1.943017894167088571e+02
2.024212002843616460e+02
2.109204953188732645e+02
2.275075045617106184e+02
2.234227483245047381e+02
2.318567581158270343e+02
2.355645546457371893e+02
2.435578712106544685e+02
2.530916087422367298e+02
2.494325939660475626e+02
2.593122943260598845e+02
2.670911366353593621e+02
2.682959594274951201e+02
2.723495825316254013e+02
2.651235475192660829e+02
2.777046345468950790e+02
2.860814909693702361e+02
2.747625014860745978e+02
2.881317061271768694e+02
2.900597769468089382e+02
2.956831815379882187e+02
2.948834516028640564e+02
2.922778127137810884e+02
3.105310367616104372e+02
2.943653645719662677e+02
3.074869569191480991e+02
3.051781805358417046e+02
3.083533900013295010e+02
3.254336066238908529e+02
3.021064884883267609e+02
3.162520953573305178e+02
3.044512425822766204e+02
3.240211680195764075e+02
3.159439095471856831e+02
3.159618397199240576e+02
3.236900768503578547e+02
3.200939266060081536e+02
3.228603967760889191e+02
3.226260186906637841e+02
3.313487112526784699e+02
3.298673657583262866e+02
3.330379222453727834e+02
3.387581106923756238e+02
3.261989570522814574e+02
3.267364542156483935e+02
3.309495388614159310e+02
3.378272268529589724e+02
3.311034038304852629e+02
3.450194045930905418e+02
3.262993696498282361e+02
3.387012062691273968e+02
3.450353385393795520e+02
3.441515633311964848e+02
3.519227357433995280e+02
3.491993888653163935e+02
3.330682543926350831e+02
3.440578902751079795e+02
3.454174942338023584e+02
3.305839414010854966e+02
3.527964465267152718e+02
3.506617113047459497e+02
3.302310054912376245e+02
3.495688901431294084e+02
3.471126727647521193e+02
3.515691578715760102e+02
3.468370135472684979e+02
3.541574276274963040e+02
3.449493710378055198e+02
3.508402439175020504e+02
3.470887972713846352e+02
3.527718333801886388e+02
3.664785954044087362e+02
3.576671400595563455e+02
3.389390798252377976e+02
3.606643569894872030e+02
3.610974972170635056e+02
