2.209410184798057841e+01
2.688498619600747830e+01
3.218428794205239285e+01
3.808752361193590019e+01
4.474587039138567235e+01
5.242375059844317775e+01
6.178117409273666993e+01
7.286187798267569349e+01
8.465778336585508157e+01
9.653457189559736662e+01
1.089548030112934072e+02
1.143590983887073236e+02
1.279602523484422392e+02
1.255680618656352721e+02
1.351795513795673003e+02
1.474432610943132431e+02
1.542880462792333844e+02
1.687323768545455493e+02
1.686788822115235007e+02
1.773156260384752727e+02
1.692043061560193280e+02
1.833985176219118500e+02
1.842615377864260893e+02
1.961371051314065994e+02
2.013459392898745648e+02
2.166684722205102958e+02
2.142141626492074806e+02
2.188944344747045534e+02
2.222698618729179429e+02
2.265921574310356448e+02
2.280401851858086957e+02
2.279914116794205370e+02
2.407272948689082170e+02
2.523150691154674234e+02
2.460945383593465294e+02
2.443944096047475796e+02
2.489598186673968598e+02
2.509307908808568186e+02
2.538616234781571279e+02
2.610900910930390069e+02
2.657692935037025563e+02
2.617678797127938424e+02
2.729865871464310203e+02
2.565555694458471407e+02
2.675357819431776534e+02
2.705108465229366743e+02
2.694047906542493251e+02
2.757317213850787425e+02
2.787224444888024095e+02
2.689927722206841167e+02
2.662599035163605095e+02
2.719959834093378959e+02
2.817194813210613233e+02
2.888884679330242875e+02
2.766437752055412034e+02
2.968591914966085596e+02
2.868057395310706283e+02
2.873592843703126505e+02
2.862958827503184693e+02
2.936912062259477807e+02
2.985094358753055417e+02
2.962818851943764002e+02
2.898608949170047708e+02
2.954916873919428895e+02
2.955520728866553100e+02
2.953298910864982645e+02
3.078078411225354785e+02
2.993063058603505056e+02
3.052183725560025778e+02
2.944982912584291057e+02
3.049698139574116453e+02
3.046254858412595468e+02
3.084713282225347371e+02
3.161644460890232153e+02
2.966531815539981380e+02
3.003686706119559631e+02
2.983363365700944883e+02
3.015274670973033153e+02
3.120814495565761035e+02
3.215472851876095888e+02
3.093155305862286468e+02
2.983847401566919189e+02
3.096038265520338086e+02
3.037609015671569637e+02
3.093242658740535376e+02
3.190845156878432931e+02
3.168818828369794574e+02
3.070305561908781442e+02
3.095737415637457843e+02
3.232460186580260029e+02
3.124039784193657852e+02
3.239793732919290505e+02
3.207006872541093117e+02
3.072982669851877517e+02
3.129239951707218097e+02
