7.874258021280215303e+01
1.210171124659198938e+02
1.725317586481696708e+02
2.039334824940901285e+02
2.193344494799937650e+02
2.425897484697852065e+02
2.595422254224833978e+02
2.727764517574929641e+02
2.821961515204125703e+02
2.955714161276697496e+02
3.056334834312321505e+02
3.068279170307680488e+02
3.103668877014295049e+02
3.214327925010631475e+02
3.239907501487681429e+02
3.270853256630774695e+02
3.355009328957107755e+02
3.402734195112849989e+02
3.370725957532708321e+02
3.489279301079473612e+02
3.476339210480135193e+02
3.530714550033824253e+02
3.536287584446540109e+02
3.611161719263492387e+02
3.661978978699617073e+02
3.702232313086175850e+02
3.736364256403671220e+02
3.759394008832450709e+02
3.797108554360267476e+02
3.850473555611132497e+02
3.877974321890964688e+02
3.921350260318107530e+02
3.976645026946583812e+02
3.991404804674066895e+02
4.027687581204095295e+02
4.092168559594795170e+02
4.096220582819521496e+02
4.134106883747215306e+02
4.170755199491123903e+02
4.200807926342776000e+02
4.235855317464366863e+02
4.274519442611689328e+02
4.320462278038271506e+02
4.361177091412361051e+02
4.402528960640145215e+02
4.454730595482612898e+02
4.506563942714661266e+02
4.572036447790480906e+02
4.646034746893992633e+02
4.723609326228488499e+02
4.805165591560152052e+02
4.887098654571635734e+02
4.969519679255664073e+02
5.052100041508849699e+02
5.134647825919396382e+02
5.216651097003280029e+02
5.300977720367509392e+02
5.383391700224228771e+02
5.465397350148689384e+02
5.547390855533715239e+02
5.629279129053217048e+02
5.710990945634304126e+02
5.792833021393348645e+02
5.874986940544075651e+02
5.956723186926104745e+02
6.038369403288963895e+02
6.119018781825204769e+02
6.201231362721824780e+02
6.284232723226366488e+02
6.365829773415788395e+02
6.449094114403903859e+02
6.532556484943252144e+02
6.615892270471009624e+02
6.699422801852556404e+02
6.780573789226275494e+02
6.864841560882990734e+02
6.945285842753455654e+02
7.026289928665747766e+02
7.107406740503115543e+02
