2.642724832738341334e+01
3.228177636286633856e+01
3.880198300580965309e+01
4.610889796897949822e+01
5.438643944547578002e+01
6.397991433977074394e+01
7.566182232979041089e+01
8.934133866532806678e+01
1.034751367489566007e+02
1.178873742217771792e+02
1.278144716766356908e+02
1.400127219798552289e+02
1.525230582280547651e+02
1.539987829792315495e+02
1.654911054600840714e+02
1.808976333006176560e+02
1.910464856788835846e+02
1.958470128021823200e+02
2.016373734525826364e+02
1.971972071122884813e+02
2.152643228862366982e+02
2.220310694969908525e+02
2.286051237405417282e+02
2.367212628085218284e+02
2.472219740404260619e+02
2.615721231570573195e+02
2.527842423690967735e+02
2.626026079118701091e+02
2.647838067161206368e+02
2.642719685656631441e+02
2.807746461310557038e+02
2.877003669010348972e+02
2.869315904453337112e+02
2.834061030668485728e+02
2.888158758817915555e+02
2.861449729356725129e+02
2.897114014290046953e+02
3.088492499927786525e+02
3.170974633272971346e+02
2.963089876519326253e+02
3.112163497537634385e+02
3.044634325496334100e+02
3.137178497080020634e+02
3.186056876616888758e+02
3.266632821150124641e+02
3.303339493979599979e+02
3.241751353605376949e+02
3.195780286936418406e+02
3.332489776884239632e+02
3.417647892810596773e+02
3.332487137470641869e+02
3.233037578755639743e+02
3.173200629920790448e+02
3.232041526843099746e+02
3.335879504645583893e+02
3.432381790072309400e+02
3.515701472213698935e+02
3.328267877321683272e+02
3.438565373002169281e+02
3.371795019358190189e+02
3.431886283103179949e+02
3.491692834621275665e+02
3.495932394199491569e+02
3.593123396720419009e+02
3.311545016816557450e+02
3.467204959452070625e+02
3.544925944071403592e+02
3.535758742422707996e+02
3.666271635819070411e+02
3.645304728385341946e+02
3.568499671257650903e+02
3.528840048785024237e+02
3.683654047104514007e+02
3.567542821142666298e+02
3.723389556008687009e+02
3.585805834684849174e+02
3.575494319395929210e+02
3.607125036915897454e+02
3.588706789772361390e+02
3.633514710269070633e+02
3.587784633718200666e+02
3.631831659807092478e+02
3.419450206904288052e+02
3.553149216159932848e+02
3.751615709000211609e+02
3.715992321609471105e+02
3.700553349841003978e+02
3.559676290033582973e+02
3.640892237715807482e+02
3.614730207103909265e+02
3.674042073758648144e+02
3.784392382528479288e+02
3.678237245017148780e+02
3.757164402246925192e+02
3.669292844425349358e+02
