6.411476196540019146e+01
8.800260636992908303e+01
1.162738831053245292e+02
1.285857041518942765e+02
1.400638602441767659e+02
1.490901234437376672e+02
1.577614727591412418e+02
1.659339623812931848e+02
1.714863789518993542e+02
1.780732201406256934e+02
1.826722686660490922e+02
1.883291619598702766e+02
1.925430652398796951e+02
1.958355158738744421e+02
2.002436242836696181e+02
2.061055133940781730e+02
2.097441317719880089e+02
2.144465346376968000e+02
2.197777973298342715e+02
2.253418591481471083e+02
2.321701587813207084e+02
2.397560837057110916e+02
2.477663026355708382e+02
2.560477025303873688e+02
2.642955422543499253e+02
2.724235068115776244e+02
2.805864593914257057e+02
2.887541564528967797e+02
2.970534152083197341e+02
3.052761558390136543e+02
3.135561268123692003e+02
3.218212949177139421e+02
3.300800958635662141e+02
3.383094128573649186e+02
3.466078955807631132e+02
3.549126430245389656e+02
3.631803990091621586e+02
3.714559575129355267e+02
3.797468553766343575e+02
3.879958393302426316e+02
3.962112345773907691e+02
4.044445195149668280e+02
4.126643865099783284e+02
4.208590807556108757e+02
4.290553055357472090e+02
4.373275326356258574e+02
4.456755885980114726e+02
4.539591298875755569e+02
4.621678409083835959e+02
4.703509945601340405e+02
4.783777574554382568e+02
4.865874223980795250e+02
4.948450250240811101e+02
5.031485302810035591e+02
5.111118011659752369e+02
5.191033354591522766e+02
5.272597544811414991e+02
5.353337010610177913e+02
5.434462381930651418e+02
5.517415417447941763e+02
5.599554986518445503e+02
5.681116630597007315e+02
5.760236812233340515e+02
5.844479144032791282e+02
5.927834096279055984e+02
6.008153495937073103e+02
6.088630404932508782e+02
6.170906116658866267e+02
6.255487986568650740e+02
6.337887750300759535e+02
6.418952251968538576e+02
6.500852324294140772e+02
6.583064793874722227e+02
6.666301062939459143e+02
6.746904012417821832e+02
6.821802272613133482e+02
6.897028573981001500e+02
6.979137177683364825e+02
7.057953954659643614e+02
