6.505392090982284969e+01
9.495161478658039300e+01
1.366564474865682257e+02
1.611276091005764783e+02
1.775737611443294099e+02
1.909392771221409362e+02
2.011528395205524475e+02
2.126828665480766176e+02
2.240286343528171926e+02
2.284807829229715139e+02
2.371369991437710780e+02
2.428839044135241920e+02
2.437847570303830196e+02
2.495168646966487245e+02
2.543483932213949288e+02
2.598613149447760406e+02
2.648964934260192763e+02
2.679271116071678307e+02
2.695068514441914544e+02
2.764916362199348896e+02
2.785634032219168716e+02
2.823841169084322473e+02
2.877170146326891427e+02
2.895158766925825944e+02
2.949694396345926179e+02
2.982372729410650436e+02
3.023533732208910010e+02
3.060562794539879405e+02
3.095648927782779083e+02
3.143610436196128717e+02
3.197508193616422432e+02
3.252160201308551564e+02
3.320571969283646467e+02
3.395253084428449029e+02
3.473831171649082989e+02
3.556067543531414117e+02
3.639068812015311778e+02
3.721127657006121581e+02
3.803237092137913464e+02
3.885074733043446145e+02
3.967204168389507686e+02
4.049456981556392066e+02
4.132058910962408049e+02
4.214045688597171875e+02
4.296505614594875624e+02
4.378513199785595589e+02
4.460678557785488465e+02
4.543126327026639046e+02
4.625294083530499165e+02
4.707699732629885148e+02
4.791140023651493038e+02
4.872508290738351775e+02
4.954939158025498500e+02
5.038316121297408472e+02
5.119588786072780522e+02
5.203185026014667756e+02
5.285877423568979339e+02
5.370304851444227552e+02
5.452597227596593257e+02
5.534574380367498634e+02
5.616597746961817847e+02
5.698736150212137090e+02
5.780312255544948812e+02
5.862482982692417863e+02
5.948149272229937878e+02
6.030161221043624664e+02
6.111586284579628909e+02
6.193657833708630278e+02
6.274179519370945854e+02
6.357420581120593397e+02
6.440020575075411671e+02
6.526105471889104592e+02
6.606314139715541387e+02
6.687488256275030380e+02
6.768080592576255867e+02
6.852941973479937587e+02
6.935220500021505359e+02
7.015313403704267330e+02
7.092960729551066379e+02
