2.385185391406285590e-02
2.485663301375201417e+00
5.108167526372190181e+00
7.904987711472572620e+00
1.088979541062220946e+01
1.408294469972602059e+01
1.754300524650679094e+01
2.146887968441552275e+01
2.624824722883874983e+01
3.200290107428336484e+01
3.856345455635136688e+01
4.491454935721378661e+01
5.155233282146139118e+01
5.642046666063863114e+01
6.052872462639837892e+01
6.471188891189392223e+01
6.834498575563168288e+01
7.025057172620681456e+01
7.288087183580545059e+01
7.476671817637017625e+01
7.802566304108415807e+01
7.877238485580197391e+01
8.480445219411321034e+01
8.246458747816149071e+01
8.545577862342427977e+01
8.917792104755127980e+01
9.185367972413509108e+01
9.343452289918435838e+01
9.198313707827918506e+01
9.640561535177070596e+01
9.227922678802710266e+01
9.628241776772334504e+01
9.909259904085639903e+01
9.926379105807643555e+01
9.498234863825850027e+01
9.701388449629564548e+01
1.046886748486163015e+02
1.028035305556074235e+02
1.067866342747646797e+02
1.022074015397862468e+02
1.033467627673906151e+02
1.056809240818366789e+02
1.084900528736373957e+02
1.083528342877018673e+02
1.080014851695148224e+02
1.112877548973763169e+02
1.059639975687590550e+02
1.111402287100334405e+02
1.094238098857329220e+02
1.083721191012639622e+02
1.040251886324805213e+02
1.112385684460259796e+02
1.072234762491497690e+02
1.134937370938433929e+02
1.174701789755583548e+02
1.095148151917884860e+02
1.145006723636138872e+02
1.111157311200387170e+02
1.129239220962199965e+02
1.141596358123551624e+02
1.157715699819485025e+02
1.077845766472783851e+02
1.159955737124638659e+02
1.147717106436449370e+02
1.169176447261909715e+02
1.176894672348085038e+02
1.153005166798677976e+02
1.116459146619206422e+02
1.127532145893361246e+02
1.202157704833425953e+02
1.186478423494464067e+02
1.171581811019431143e+02
1.147102795999139602e+02
1.168266615101930057e+02
1.160109319896395590e+02
1.206665732983142618e+02
1.130748624436122043e+02
1.154198201754719832e+02
1.192884814824628279e+02
1.155000843353434306e+02
1.211890549935654775e+02
1.200546232240330795e+02
1.180328875831252304e+02
1.162810202690902628e+02
1.184566721806967280e+02
1.186377490776569346e+02
1.202926576731444186e+02
1.212319936737383586e+02
1.181379062225133509e+02
1.159807049094446683e+02
1.198638954198454059e+02
1.222664147209787018e+02
1.191417875788398817e+02
1.235892308231332208e+02
1.209492356520621570e+02
