2.370624890838901422e+01
2.889826272486194725e+01
3.466251307862477660e+01
4.110499158022606991e+01
4.838789818349277994e+01
5.680025336497602950e+01
6.703734578370541897e+01
7.911277343206981527e+01
9.175553650482964940e+01
1.046193315848736916e+02
1.133587233842578854e+02
1.239766299957590689e+02
1.384790524883694047e+02
1.437233186257385569e+02
1.463686178317698250e+02
1.571818620947332192e+02
1.696816040344042733e+02
1.784597419574395474e+02
1.898719852263806729e+02
1.716223315212069451e+02
1.860680377864509296e+02
1.967757702546797702e+02
2.127727403364113741e+02
2.078644257883631781e+02
2.171266298672497896e+02
2.293273309197122387e+02
2.346750962655708008e+02
2.359910586009015674e+02
2.384433845650370358e+02
2.437015716748711043e+02
2.440559032522930920e+02
2.497756933511499540e+02
2.599408524385369788e+02
2.712968226823634836e+02
2.607286834952735717e+02
2.712043271254343040e+02
2.588164931734837637e+02
2.688261641431419662e+02
2.689003176736439400e+02
2.793948557668423973e+02
2.692416316563928262e+02
2.806201043221753366e+02
2.890978269001151375e+02
2.813013126032221294e+02
2.926454458379390076e+02
2.887306320042583820e+02
2.934225615034756629e+02
2.872517630337228525e+02
2.977549782528693640e+02
2.947849659694306865e+02
2.849345611839312937e+02
3.008727839925745116e+02
2.989543752104289069e+02
2.943434539819257338e+02
2.997073679674339814e+02
3.047222886731683502e+02
3.178033161920710654e+02
2.903017480037906921e+02
3.145807058665104705e+02
3.167033699434263667e+02
3.113438192329838330e+02
3.113693730010032255e+02
3.114282919800860441e+02
3.119836585247450103e+02
3.108058110822094022e+02
3.233178722802430229e+02
3.111474644887464365e+02
3.203942800407659206e+02
3.164856528645688059e+02
3.217930455401282188e+02
3.225087481170500041e+02
3.327447520770166420e+02
3.315096310548589145e+02
3.273530988247275104e+02
3.357413726355304675e+02
3.103002288537192044e+02
3.261832835352192319e+02
3.248258836542869972e+02
3.201049727519123280e+02
3.310979960700615834e+02
3.302210387041830586e+02
3.262390902243539017e+02
3.239797856293520226e+02
3.274757590543996457e+02
3.287835098409595957e+02
3.395557328193855824e+02
3.231462874667986398e+02
3.342677045524638402e+02
3.312006926302538545e+02
3.293609658400127955e+02
3.364768578253808755e+02
3.367617828259652697e+02
3.270286311452071004e+02
3.265787985736693599e+02
3.337548464579024312e+02
