1.017449748067079618e+01
1.464491135586178672e+01
1.957522704125723934e+01
2.504221747019052557e+01
3.125027269897463356e+01
3.851611144463445413e+01
4.650388007090833753e+01
5.476206610454939749e+01
6.320636551625440802e+01
7.026271393868479720e+01
7.676397356697158614e+01
8.545777915266708646e+01
9.207656840594958680e+01
9.757903336858032617e+01
9.741225543596316072e+01
1.095055049508213898e+02
1.170561624917504133e+02
1.240288497851658747e+02
1.317262883368389907e+02
1.344471449170046640e+02
1.320664461224026809e+02
1.359975845112749084e+02
1.450370675589472569e+02
1.479970061553227367e+02
1.517097998102718748e+02
1.559853442406202078e+02
1.656997950616662081e+02
1.648792038845409422e+02
1.700327688861066804e+02
1.728175310179545932e+02
1.664969885768513223e+02
1.767528962089193101e+02
1.838602776479355327e+02
1.906274585199470550e+02
1.898234561466737489e+02
1.855737520009384411e+02
1.899677069839005412e+02
1.902631516236027664e+02
1.903793307117309723e+02
1.993728534657343801e+02
1.954852095586103644e+02
2.016131547198658325e+02
2.043086310787366244e+02
1.997858376995641834e+02
1.999572131353759517e+02
2.081053866920936457e+02
2.078491616801153725e+02
2.033775021714535569e+02
2.012634663978370497e+02
2.147977807583525873e+02
2.055956125846626037e+02
2.104014999971715554e+02
2.141982968200427138e+02
2.244831185506820646e+02
2.043559011229489784e+02
2.123866032868700984e+02
2.203850229230501441e+02
2.111610422931091762e+02
2.196010387052459407e+02
2.308533472666553337e+02
2.208535737216928680e+02
2.224358580490548434e+02
2.200712884516750876e+02
2.219512270157767091e+02
2.243330859717082149e+02
2.347106629675526790e+02
2.351993624810043571e+02
2.264224626798689144e+02
2.203202764445777859e+02
2.238512385320740066e+02
2.310958121572346329e+02
2.312144728591318028e+02
2.281929831484333420e+02
2.279516401954820140e+02
2.304029694283228480e+02
2.297914516550698352e+02
2.328249479927284256e+02
2.382299871841654806e+02
2.413557085808642455e+02
2.309901023892452940e+02
2.249836902027924737e+02
2.334392739758834523e+02
2.362650418258722311e+02
2.385738739673313091e+02
2.445396093476818464e+02
2.334169426703846568e+02
2.301398079181864773e+02
2.384906281207947814e+02
2.319884406463196456e+02
2.402863067283881833e+02
2.465037967699672947e+02
2.462987279221785002e+02
2.433181855164971523e+02
2.339256225322536125e+02
2.433673983389716682e+02
