1.885313723126241925e+01
2.252858721006289144e+01
2.647247273439220194e+01
3.072436538243729487e+01
3.534943876173759492e+01
4.045647459457435247e+01
4.629811910724205859e+01
5.334109085170416620e+01
6.143835268019059725e+01
6.983613554214029762e+01
7.824658755189254578e+01
8.239301262578641172e+01
8.918602024631273650e+01
9.604030409155491554e+01
1.012679765665978096e+02
1.070405922481830601e+02
1.074644895302363352e+02
1.132116550216576769e+02
1.166664449834066488e+02
1.244940278975318222e+02
1.278160067238582087e+02
1.324812978203684679e+02
1.405753301553379799e+02
1.430430087449350367e+02
1.425981163817581887e+02
1.459181309187102897e+02
1.532287044760966239e+02
1.505732376709945584e+02
1.617702742210686608e+02
1.589122450823297754e+02
1.600013176835634283e+02
1.670028964690370401e+02
1.641982144134691453e+02
1.679687216630409523e+02
1.690864686383168021e+02
1.781847444351204501e+02
1.756755079966862070e+02
1.728063297840223242e+02
1.837524774177804545e+02
1.740119513300001870e+02
1.781073893475130205e+02
1.874732049662141264e+02
1.809742384146030929e+02
1.877646415334744461e+02
1.861393374214756591e+02
1.862330525050214760e+02
1.966280545156890298e+02
1.937289271282017751e+02
1.948086991251950337e+02
1.946556759836721824e+02
1.968303324106285288e+02
1.900724261660926686e+02
1.994660798030751891e+02
2.031618043897440771e+02
1.949569726922810844e+02
2.063982693890804967e+02
2.012309123840227585e+02
2.073748716956545763e+02
2.029658124077801347e+02
2.028397571744376364e+02
2.068608203792409768e+02
2.068283395654318042e+02
2.026824071048002907e+02
2.043319910711153113e+02
2.091311467561221207e+02
2.079606881241116412e+02
2.043720492173997343e+02
2.050759490410500803e+02
2.085752622185779046e+02
2.165774332144039533e+02
2.083712844633387817e+02
2.113545646885112319e+02
2.165169449268128119e+02
2.120449763280884952e+02
2.202434958109536183e+02
2.144175483153201753e+02
2.191853202671065048e+02
2.131261121000775347e+02
2.196258698250875909e+02
2.113224767140426081e+02
2.176555678676707544e+02
2.194834581859235527e+02
2.161327822605465485e+02
2.201772976339877346e+02
2.243399769504276833e+02
2.230192841802851262e+02
2.256950012962256267e+02
2.101251036988741419e+02
2.173619939066291238e+02
2.130366143076184073e+02
2.268227271524360162e+02
2.181680716351866920e+02
2.160164408233499103e+02
2.257626624424298143e+02
2.160790914244963687e+02
