2.861145388193669987e+03
3.206329184658207851e+03
3.522969331617526677e+03
3.840214407076339739e+03
4.173633107085701340e+03
4.533816078926407499e+03
4.925900997473083407e+03
5.351125156224928105e+03
5.798732561674150929e+03
6.233475063218403193e+03
6.688059009450020312e+03
6.599836582227422696e+03
7.006887704919744465e+03
6.603185709286685778e+03
7.007913284401565761e+03
6.556847592142641588e+03
7.036812138406058693e+03
7.451520378249786518e+03
7.832650497078762783e+03
7.169927901067501807e+03
7.528522030197225831e+03
7.891156189678928058e+03
7.531989665208270708e+03
7.929871779253518980e+03
7.613248704788193209e+03
8.032995539132516569e+03
7.344922711213115690e+03
7.436377940118549304e+03
7.885415455973720782e+03
7.715244239524517980e+03
7.665079505579377837e+03
8.083081441577605801e+03
8.423710196499527228e+03
8.181539400640915119e+03
7.941243639250909837e+03
8.329397428176951507e+03
8.676355346194586673e+03
8.084170638655862604e+03
7.194088621309199880e+03
7.672455848546444031e+03
7.593917111851411391e+03
7.555711698373316722e+03
6.858780336994779645e+03
7.285349165961694780e+03
7.188671428204492258e+03
6.867966974825791112e+03
6.833026654326902644e+03
7.316269801691735665e+03
7.743701106891451673e+03
8.144821152115746372e+03
7.414036908767187924e+03
7.349907768229817520e+03
7.715606398409825488e+03
8.109046023040152249e+03
8.160576058427815951e+03
7.879371158420527536e+03
8.264460678283807283e+03
7.979779660494483323e+03
8.383625623409632681e+03
8.178340772028998799e+03
8.000190294392245050e+03
7.570279909900946222e+03
7.960803665200511205e+03
7.765969775279689202e+03
8.200551287376005348e+03
8.223974269843311049e+03
7.704904180203655415e+03
7.348816608086692213e+03
7.740914830716618781e+03
7.595226496126229904e+03
7.922287328142034312e+03
7.786618252806436431e+03
7.559323934523965363e+03
7.134181626956094078e+03
7.508534544539836133e+03
7.894705808618895389e+03
7.877643504702473365e+03
7.622123358085704240e+03
7.693153158401640212e+03
7.466972493127201233e+03
7.377046150243062584e+03
7.094258108104370876e+03
7.541476385686863068e+03
7.957508577530452385e+03
7.988231262302346295e+03
8.072410957851830972e+03
7.905886197993853784e+03
8.336768865076635848e+03
8.308383367764632567e+03
8.254952667612069490e+03
7.711964687433275685e+03
8.132992621387680629e+03
8.143679072019354862e+03
7.919264331354575916e+03
8.310800342889573585e+03
