6.661771465073856234e+03
6.700216683209737312e+03
6.729675617017464901e+03
6.752522571002043151e+03
6.770404389536042800e+03
6.784498288847214098e+03
6.795666635196887000e+03
6.804553745604556752e+03
6.811648697478187387e+03
6.817327448879257645e+03
6.821881923296601599e+03
6.825540615123819407e+03
6.828483515523455935e+03
6.830853131172922076e+03
6.832762750035994031e+03
6.834302725689753061e+03
6.835545308706659853e+03
6.836548395323164186e+03
6.837358458086253449e+03
6.838012851198129283e+03
6.838541633160823039e+03
6.838969013737101704e+03
6.839314506524204262e+03
6.839593849545992271e+03
6.839819742193536513e+03
6.840002436222575852e+03
6.840150210412694832e+03
6.840269752251280806e+03
6.840366465158631399e+03
6.840444715981179797e+03
6.840508034500084250e+03
6.840559274347953760e+03
6.840600742858636295e+03
6.840634305888381277e+03
6.840661472460082223e+03
6.840683463133244004e+03
6.840701265241572401e+03
6.840715677529657114e+03
6.840727346229525210e+03
6.840736794223153083e+03
6.840744444619205751e+03
6.840750639816264993e+03
6.840755656918267960e+03
6.840759720201456730e+03
6.840763011197737796e+03
6.840765676850893215e+03
6.840767836114488091e+03
6.840769585289641327e+03
6.840771002343648433e+03
6.840772150404302010e+03
6.840773080587432560e+03
6.840773834285064368e+03
6.840774445017214020e+03
6.840774939930637629e+03
6.840775341011910314e+03
6.840775666069352155e+03
6.840775929527909284e+03
6.840776143072629566e+03
6.840776316169649363e+03
6.840776456487988980e+03
6.840776570241097943e+03
6.840776662463398679e+03
6.840776737234259599e+03
6.840776797859349244e+03
6.840776847017544242e+03
6.840776886879878475e+03
6.840776919205942249e+03
6.840776945421916025e+03
6.840776966683821229e+03
6.840776983928741174e+03
6.840776997916325854e+03
6.840777009262434149e+03
6.840777018466370464e+03
6.840777025932964534e+03
6.840777031990464820e+03
6.840777036905046771e+03
6.840777040892554396e+03
6.840777044128028137e+03
6.840777046753431932e+03
