2.410559503354397278e-03
2.410559503354397278e-03
2.410559503354397278e-03
2.410559503354397278e-03
2.410559503354397278e-03
2.410559503354397278e-03
2.410559503354397278e-03
2.410559503354397278e-03
2.410559503354397278e-03
2.410559503354397278e-03
2.410559503354397278e-03
2.410559503354397278e-03
2.410559503354397278e-03
2.410559503354397278e-03
2.410559503354397278e-03
2.410559503354397278e-03
2.410559503354397278e-03
2.410559503354397278e-03
2.410559503354397278e-03
2.410559503354397278e-03
2.410559503354397278e-03
2.410559503354397278e-03
2.410559503354397278e-03
2.410559503354397278e-03
2.410559503354397278e-03
2.410559503354397278e-03
2.410559503354397278e-03
2.410559503354397278e-03
2.410559503354397278e-03
2.410559503354397278e-03
2.410559503354397278e-03
2.410559503354397278e-03
2.410559503354397278e-03
2.410559503354397278e-03
2.410559503354397278e-03
2.410559503354397278e-03
2.410559503354397278e-03
2.410559503354397278e-03
2.410559503354397278e-03
2.410559503354397278e-03
2.410559503354397278e-03
2.410559503354397278e-03
2.410559503354397278e-03
2.410559503354397278e-03
2.410559503354397278e-03
2.410559503354397278e-03
2.410559503354397278e-03
2.410559503354397278e-03
2.410559503354397278e-03
2.410559503354397278e-03
2.410559503354397278e-03
2.410559503354397278e-03
2.410559503354397278e-03
2.410559503354397278e-03
2.410559503354397278e-03
2.410559503354397278e-03
2.410559503354397278e-03
2.410559503354397278e-03
2.410559503354397278e-03
2.410559503354397278e-03
2.410559503354397278e-03
2.410559503354397278e-03
2.410559503354397278e-03
2.410559503354397278e-03
2.410559503354397278e-03
2.410559503354397278e-03
2.410559503354397278e-03
2.410559503354397278e-03
2.410559503354397278e-03
2.410559503354397278e-03
2.410559503354397278e-03
2.410559503354397278e-03
2.410559503354397278e-03
2.410559503354397278e-03
2.410559503354397278e-03
2.410559503354397278e-03
2.410559503354397278e-03
2.410559503354397278e-03
2.410559503354397278e-03
2.410559503354397278e-03
2.410559503354397278e-03
2.410559503354397278e-03
2.410559503354397278e-03
2.410559503354397278e-03
2.410559503354397278e-03
2.410559503354397278e-03
2.410559503354397278e-03
2.410559503354397278e-03
2.410559503354397278e-03
2.410559503354397278e-03
2.410559503354397278e-03
2.410559503354397278e-03
2.410559503354397278e-03
2.410559503354397278e-03
2.410559503354397278e-03
