4.172961886129703998e+03
4.696855108825391653e+03
5.211571790966232584e+03
5.759995692320630951e+03
6.379569084964791728e+03
7.158680605546567676e+03
8.139736691068584150e+03
9.273821548404885107e+03
1.027187677476644240e+04
1.133756193904938300e+04
1.244319501612445492e+04
1.181346625374455652e+04
1.296060714981317324e+04
1.402075131811457686e+04
1.467183181316071204e+04
1.491596933063364668e+04
1.464703780187846678e+04
1.509655829800950232e+04
1.492992531116696773e+04
1.607715025032370249e+04
1.724272742521341206e+04
1.652940359025300495e+04
1.703129437221083208e+04
1.652344415792820655e+04
1.646102556031434870e+04
1.675502867201160916e+04
1.648124137799596429e+04
1.699464577922483659e+04
1.747514256946369642e+04
1.541869221075557653e+04
1.606487516984339891e+04
1.688733199319449704e+04
1.760111272610104061e+04
1.783815293360541546e+04
1.799777539329979118e+04
1.827592182162661265e+04
1.819086072636726385e+04
1.724608710761411567e+04
1.728754890532172067e+04
1.810690358806671793e+04
1.803783222252723863e+04
1.901353803923586383e+04
1.870322923628470380e+04
1.785182697632770942e+04
1.757844151486106784e+04
1.809288269491020401e+04
1.779750865131773025e+04
1.880409296942500441e+04
1.780158500492678650e+04
1.831759114639523978e+04
1.958366965163086934e+04
1.845583476895263448e+04
1.910591053952933726e+04
1.881171208460689013e+04
1.722059248662530081e+04
1.737146843304612412e+04
1.715354189355727794e+04
1.846602707674634803e+04
1.959793240761173001e+04
1.897787305919949358e+04
1.943709043644220583e+04
1.828467220030919634e+04
1.880763205559597191e+04
1.942157576050462012e+04
1.886473721838857091e+04
1.882830428812285754e+04
1.826142448452698954e+04
1.764964961454031072e+04
1.791562631119312209e+04
1.794590732309286250e+04
1.882594292474205577e+04
1.992407183707964941e+04
1.952195550654587714e+04
1.997256294832836284e+04
1.839675268511048853e+04
1.862168983904583001e+04
1.756600618737074183e+04
1.849037201972969342e+04
1.903305326694259202e+04
1.783949744030621150e+04
1.872704991830781000e+04
1.967514608569023767e+04
1.869136167580935944e+04
1.876894537271328227e+04
1.955510944726115849e+04
1.867102583460831738e+04
1.873974617231336379e+04
1.919435461655151084e+04
1.932960864741298792e+04
1.914453914219930084e+04
1.886881308714813713e+04
1.909221714573219288e+04
1.959612071301799369e+04
1.840403159344292726e+04
1.832943515549644144e+04
