1.328626376872207970e+02
1.461144388324549084e+02
1.475779590589092436e+02
1.492509637985137090e+02
1.517184038635494403e+02
1.553651213784252718e+02
1.609129568329524886e+02
1.693904454847010470e+02
1.816440007532239633e+02
1.972888326695516241e+02
2.177398857986603105e+02
2.455884416317682906e+02
2.839670835857151587e+02
3.360281710329732050e+02
4.037525207923915218e+02
4.865322127143840589e+02
5.807904543180286510e+02
6.810675876623300837e+02
7.816502094709395578e+02
8.777914256519890159e+02
9.662339420945395432e+02
1.045066921369508691e+03
1.113449572240607040e+03
1.171189062641545661e+03
1.217903403018717199e+03
1.255545914347606413e+03
1.286210485384826825e+03
1.311467215843054419e+03
1.334846101023769961e+03
1.358787697651732287e+03
1.381505842654528806e+03
1.275521916850445677e+03
1.183379891854745438e+03
1.134308644017692586e+03
1.125079126650378385e+03
1.142888673280113380e+03
1.174891571228243720e+03
1.211515646576913241e+03
1.245763946328556358e+03
1.276408900981921761e+03
1.303796280669863108e+03
1.328042936056684084e+03
1.349106349185198269e+03
1.366884701156542633e+03
1.338477000414869281e+03
1.219547255995545129e+03
1.145918917860233705e+03
1.120177827479285043e+03
1.129371104823070937e+03
1.158568451626795195e+03
1.196166461343613491e+03
1.233903724995147968e+03
1.267622105414541238e+03
1.297545151418833484e+03
1.323872532354384248e+03
1.346652725793515401e+03
1.365866532571427570e+03
1.381526709604603866e+03
1.306374862850562977e+03
1.202001820328032863e+03
1.138776248383576785e+03
1.114919407753626047e+03
1.118678630136053471e+03
1.138827780764212093e+03
1.166873424987957151e+03
1.199351168536304840e+03
1.234176792074467812e+03
1.268334058074744689e+03
1.300925464845509623e+03
1.331063088030210110e+03
1.357718207339393302e+03
1.380073756583555223e+03
1.397771968650750296e+03
1.354684613513857812e+03
1.240352791998820521e+03
1.162968950382803996e+03
1.126976040705222658e+03
1.122803521919707691e+03
1.138643259208016161e+03
1.164926550668701566e+03
1.194909745489014995e+03
1.224092551222702468e+03
1.251002277054376918e+03
1.279490013799116696e+03
1.308415870419866224e+03
1.336329428334790691e+03
1.361975712382607753e+03
1.384167913057420947e+03
1.365833401933742607e+03
1.248584365853530471e+03
1.167722366266382323e+03
1.128888191840933359e+03
1.123675734444623004e+03
1.139866108384419249e+03
1.167225388537999379e+03
