5.037093314226333860e+03
5.655026766892730848e+03
6.267879899104835204e+03
6.917527998817363368e+03
7.646269315849472150e+03
8.556106581479034503e+03
9.656618958632949216e+03
1.088829258791405118e+04
1.194595847774339200e+04
1.315561101213092479e+04
1.433860633366934599e+04
1.399473316300295119e+04
1.520624694571361761e+04
1.607652223395871260e+04
1.551223979857690574e+04
1.638463872624570649e+04
1.710322543149743797e+04
1.735918337441359108e+04
1.708878663821061127e+04
1.792982343709569250e+04
1.839025882384697616e+04
1.900725128511691946e+04
1.736920089484218988e+04
1.826829478229093729e+04
1.894322597568598940e+04
1.871775904399473438e+04
1.880361320606689333e+04
1.874208923675924234e+04
1.896300987659861494e+04
1.901524194470235670e+04
1.940108817166134759e+04
1.884567617569207141e+04
1.887578321197549303e+04
1.997280161059329839e+04
2.023103332631582089e+04
1.990908984958706060e+04
2.077482035897965034e+04
1.825234646593292928e+04
1.881399870881373135e+04
1.864607452626652594e+04
1.967533236430154284e+04
2.058908109872232671e+04
2.095701996453333049e+04
2.090790892173989414e+04
2.112911393483286156e+04
1.987318520970497775e+04
2.051274182981094418e+04
2.099919335740315728e+04
1.982473295324512219e+04
2.008547251321495060e+04
1.998610226068045813e+04
2.024740447129448512e+04
2.113101124607355814e+04
2.056995624719396073e+04
2.022846824534359985e+04
1.999646483119287223e+04
2.088362367113866276e+04
2.173146220641919717e+04
2.079592169922339599e+04
2.023165756794943809e+04
1.986787064016728255e+04
1.934867848653470355e+04
2.002545656878191585e+04
1.956893468210336505e+04
1.942409856264977134e+04
2.036393793143696166e+04
2.029312955691776369e+04
2.136913504665585424e+04
2.088698977521200504e+04
2.027689686142052597e+04
2.052087228219764802e+04
2.104436038177529917e+04
2.077294623147512539e+04
2.006989462736072892e+04
1.982630006953886550e+04
2.080403275819839837e+04
2.071028886664869424e+04
2.056996061849028411e+04
2.061703463363064293e+04
2.104087592717105872e+04
2.053953977452779873e+04
2.015803726924538569e+04
2.109933521923543231e+04
2.041123069320473951e+04
2.036122385342581038e+04
2.091068747019764487e+04
1.905215461104732094e+04
1.909634142466242702e+04
2.046445515417038769e+04
1.957307077787384696e+04
2.055915891258375268e+04
2.045682559562760798e+04
2.124176613089474631e+04
2.023260709763146224e+04
1.999135892436364884e+04
