1.865441223157725972e+03
2.108282788494364922e+03
2.311400766123389076e+03
2.516154422820620312e+03
2.741934164650082039e+03
2.998203104475019245e+03
3.292052084935102812e+03
3.626668021676072840e+03
4.001468320705535461e+03
4.403920723298549092e+03
4.765575231621964122e+03
5.125848805630233983e+03
5.412834849235523507e+03
5.255314192043260846e+03
5.586716566390992739e+03
5.853526809790415427e+03
6.075740302496426011e+03
5.915450724280097347e+03
6.192849716011347482e+03
5.891111465308177685e+03
6.129806685158860091e+03
5.957629136365731028e+03
6.224384517064087049e+03
6.435640715496919256e+03
6.669826558724837014e+03
6.577025115906017163e+03
6.739989738544718421e+03
6.395175357774531221e+03
6.245194396778899318e+03
6.500418786561034722e+03
6.681333117115322239e+03
6.527905247295419031e+03
6.760011856458446346e+03
6.276426672441895789e+03
6.079593012042079863e+03
5.168818389898713576e+03
5.531352562514565761e+03
5.891583143109179218e+03
6.153334137499779899e+03
6.439099828043668822e+03
6.345147659557087536e+03
6.561592802861294331e+03
6.731789114572886319e+03
6.093016444515142211e+03
6.376611660922091687e+03
6.649346105410304517e+03
6.854603756163116486e+03
6.733728323091649145e+03
6.994802118615221843e+03
7.178039011174463667e+03
7.044457712144418110e+03
6.917077709258916002e+03
7.157452997548401981e+03
7.314042871495514191e+03
7.194437956919530734e+03
7.401376887436565084e+03
6.579556090349366059e+03
6.797969806185708876e+03
6.654151279564305696e+03
6.944134163630295006e+03
7.170194183500383588e+03
7.101062374861416174e+03
6.282836235089227557e+03
6.629660130247842972e+03
6.887459177357977751e+03
7.082683617167944249e+03
6.922490808921495045e+03
6.902961185931186264e+03
7.125900586370595192e+03
7.337530476153760901e+03
7.186625066643017817e+03
7.424592394621329731e+03
7.581643037831804577e+03
7.417429906600389586e+03
7.038879174913166935e+03
7.259161266662749767e+03
7.059798425476406919e+03
7.251092472321488458e+03
6.235404473201995643e+03
6.149706375836687585e+03
5.906651066252610690e+03
6.210034760154152536e+03
6.509322728723460386e+03
6.766353996972802634e+03
6.963299016454995581e+03
6.514091540024854112e+03
6.788047464665933148e+03
6.988647379514686691e+03
7.157056793338731040e+03
7.045436320130354943e+03
6.945401458837010978e+03
6.546836879400325415e+03
6.376725860512851796e+03
6.652607323397685832e+03
6.886469632159823959e+03
