8.186346087987825954e-03
8.186346087987825954e-03
8.186346087987825954e-03
8.186346087987825954e-03
8.186346087987825954e-03
8.186346087987825954e-03
8.186346087987825954e-03
8.186346087987825954e-03
8.186346087987825954e-03
8.186346087987825954e-03
8.186346087987825954e-03
8.186346087987825954e-03
8.186346087987825954e-03
8.186346087987825954e-03
8.186346087987825954e-03
8.186346087987825954e-03
8.186346087987825954e-03
8.186346087987825954e-03
8.186346087987825954e-03
8.186346087987825954e-03
8.186346087987825954e-03
8.186346087987825954e-03
8.186346087987825954e-03
8.186346087987825954e-03
8.186346087987825954e-03
8.186346087987825954e-03
8.186346087987825954e-03
8.186346087987825954e-03
8.186346087987825954e-03
8.186346087987825954e-03
8.186346087987825954e-03
8.186346087987825954e-03
8.186346087987825954e-03
8.186346087987825954e-03
8.186346087987825954e-03
8.186346087987825954e-03
8.186346087987825954e-03
8.186346087987825954e-03
8.186346087987825954e-03
8.186346087987825954e-03
8.186346087987825954e-03
8.186346087987825954e-03
8.186346087987825954e-03
8.186346087987825954e-03
8.186346087987825954e-03
8.186346087987825954e-03
8.186346087987825954e-03
8.186346087987825954e-03
8.186346087987825954e-03
8.186346087987825954e-03
8.186346087987825954e-03
8.186346087987825954e-03
8.186346087987825954e-03
8.186346087987825954e-03
8.186346087987825954e-03
8.186346087987825954e-03
8.186346087987825954e-03
8.186346087987825954e-03
8.186346087987825954e-03
8.186346087987825954e-03
8.186346087987825954e-03
8.186346087987825954e-03
8.186346087987825954e-03
8.186346087987825954e-03
8.186346087987825954e-03
8.186346087987825954e-03
8.186346087987825954e-03
8.186346087987825954e-03
8.186346087987825954e-03
8.186346087987825954e-03
8.186346087987825954e-03
8.186346087987825954e-03
8.186346087987825954e-03
8.186346087987825954e-03
8.186346087987825954e-03
8.186346087987825954e-03
8.186346087987825954e-03
8.186346087987825954e-03
8.186346087987825954e-03
