3.937005541421794419e+02
3.937005541421892758e+02
3.937005541421893895e+02
3.937005541421892758e+02
3.937005541421893895e+02
3.937005541421892758e+02
3.937005541421893895e+02
3.937005541421892758e+02
3.937005541421893895e+02
3.937005541421892758e+02
3.937005541421893895e+02
3.937005541421892758e+02
3.937005541421893327e+02
3.937005541421892758e+02
3.937005541421893327e+02
3.937005541421892758e+02
3.937005541421893327e+02
3.937005541421892758e+02
3.937005541421893327e+02
3.937005541421892758e+02
3.937005541421893327e+02
3.937005541421892758e+02
3.937005541421893327e+02
3.937005541421892190e+02
3.937005541421893327e+02
3.937005541421892190e+02
3.937005541421892758e+02
3.937005541421892190e+02
3.937005541421892758e+02
3.937005541421893895e+02
3.937005541421892758e+02
3.937005541421893895e+02
3.937005541421892758e+02
3.937005541421893895e+02
3.937005541421892758e+02
3.937005541421893895e+02
3.937005541421892758e+02
3.937005541421893895e+02
3.937005541421892758e+02
3.937005541421893895e+02
3.937005541421892758e+02
3.937005541421893327e+02
3.937005541421892758e+02
3.937005541421893327e+02
3.937005541421892758e+02
3.937005541421893327e+02
3.937005541421892758e+02
3.937005541421893327e+02
3.937005541421892758e+02
3.937005541421893327e+02
3.937005541421892758e+02
3.937005541421893327e+02
3.937005541421892190e+02
3.937005541421893327e+02
3.937005541421892190e+02
3.937005541421892758e+02
3.937005541421892190e+02
3.937005541421892758e+02
3.937005541421893895e+02
3.937005541421892758e+02
3.937005541421893895e+02
3.937005541421892758e+02
3.937005541421893895e+02
3.937005541421892758e+02
3.937005541421893895e+02
3.937005541421892758e+02
3.937005541421893895e+02
3.937005541421892758e+02
3.937005541421893895e+02
3.937005541421892758e+02
3.937005541421893327e+02
3.937005541421892758e+02
3.937005541421893327e+02
3.937005541421892758e+02
3.937005541421893327e+02
3.937005541421892758e+02
3.937005541421893327e+02
3.937005541421892758e+02
3.937005541421893327e+02
