1.792413531347672324e+04
1.822240567974953228e+04
1.847303768154202771e+04
1.868482466775926514e+04
1.886561400340960972e+04
1.902051647541398052e+04
1.915453194389168493e+04
1.927041625396675590e+04
1.937123397915227906e+04
1.945895173531738692e+04
1.953606374417438929e+04
1.960348399873903691e+04
1.966279149943263474e+04
1.971486861513944314e+04
1.976060940224915248e+04
1.980128624748254515e+04
1.983760357980906338e+04
1.986949987748682906e+04
1.989772924681875156e+04
1.992305748519973349e+04
1.994542764560966680e+04
1.996533247937265696e+04
1.998306868439962636e+04
1.999869922981550189e+04
2.001295337421558725e+04
2.002582251600917516e+04
2.003699327289595021e+04
2.004732830444078354e+04
2.005633557068818482e+04
2.006429116067723953e+04
2.007182942669991098e+04
2.007799170354643866e+04
2.008417375686018931e+04
2.008945614581614791e+04
2.009429409442262113e+04
2.009821825539536803e+04
2.010207394525109339e+04
2.010572829381076735e+04
2.010902928946719476e+04
2.011153541956945264e+04
2.011403347712760296e+04
2.011648359295846967e+04
2.011861901297462100e+04
2.012053987358868835e+04
2.012238495502914520e+04
2.012366839433247515e+04
2.012498852967390849e+04
2.012640800075502557e+04
2.012751334608351317e+04
2.012868462947184162e+04
2.012943935456615873e+04
2.013044003199191866e+04
2.013105810240959909e+04
2.013186900864197378e+04
2.013255977330570386e+04
2.013304949394051800e+04
2.013374654174503667e+04
2.013419443513914302e+04
2.013468741630031218e+04
2.013509931898487048e+04
2.013545437919696997e+04
2.013557375763454547e+04
2.013597209103488058e+04
2.013617511847833521e+04
2.013630343745840946e+04
2.013681933091484098e+04
2.013668521702508588e+04
2.013683948887417864e+04
2.013727865816187477e+04
2.013717907017104881e+04
2.013742434904695256e+04
2.013760665332794451e+04
2.013788271452679328e+04
2.013781220551315346e+04
2.013803090713641359e+04
2.013800716416157229e+04
2.013811315864396602e+04
2.013815637702407184e+04
2.013847395308496198e+04
