8.139527209006289468e+02
9.014181508831866267e+02
9.691999576542918930e+02
1.035289915253022400e+03
1.107574885023239176e+03
1.191955149235143608e+03
1.290360420009476456e+03
1.403379230917506675e+03
1.531739765911458335e+03
1.674441516072663262e+03
1.826646142693804222e+03
1.909523144126964553e+03
1.963418577321759130e+03
2.079908969646579408e+03
2.185066814629337841e+03
2.197480264289208662e+03
2.296241414115245789e+03
2.395597895790659550e+03
2.434230687448871777e+03
2.535468086412787670e+03
2.536004373987372219e+03
2.544560170211886089e+03
2.600070631383053296e+03
2.586003879315290305e+03
2.499567368874545537e+03
2.522911104919544869e+03
2.563873809873500704e+03
2.578153205293227074e+03
2.607765310556365876e+03
2.620093579491091987e+03
2.609846669506799117e+03
2.666696956386524107e+03
2.716790664982934231e+03
2.619600864506890048e+03
2.639447123554892642e+03
2.622710283476625591e+03
2.621351349416328958e+03
2.607454953768601172e+03
2.609103377893634843e+03
2.610172234456276328e+03
2.682353000265332412e+03
2.630405439313078205e+03
2.598770179682322578e+03
2.626053513536469382e+03
2.609223345500151481e+03
2.634686655856589368e+03
2.637169718456831561e+03
2.647961187927875471e+03
2.666334093920669147e+03
2.732866133589279343e+03
2.641533762229114927e+03
2.606506981935846397e+03
2.641985589580160649e+03
2.634351975965321344e+03
2.598108524447551190e+03
2.632944004704119379e+03
2.636917225189078181e+03
2.647434496279511677e+03
2.731452740055085997e+03
2.607160439850089006e+03
2.570619277995398079e+03
2.605059970057643113e+03
2.605357854495463016e+03
2.650887033418898227e+03
2.607514876326329158e+03
2.595412482421872483e+03
2.600168527608968361e+03
2.670584709986473172e+03
2.632977766647037242e+03
2.603137079119882856e+03
2.650356321723303154e+03
2.633866230415318569e+03
2.631367305084274903e+03
2.666664117448110119e+03
2.650990557393279687e+03
2.674676563966144840e+03
2.761884521859022243e+03
2.651286340236470551e+03
2.617983875138229450e+03
2.653326330382735705e+03
2.620016329545386270e+03
2.650948867735663498e+03
2.641009906926777603e+03
2.639896866866715300e+03
2.654623587545543160e+03
2.732329911167900264e+03
2.593403200810350882e+03
2.563837506962413045e+03
2.611085439670922369e+03
2.619540335363585200e+03
2.587441252536855700e+03
2.633321121457303889e+03
2.662786777554659238e+03
2.680684338013789329e+03
2.715291813723774339e+03
